5.471800 -4.903800 8.547200 -2.158400 -2.895300 0.388500
7.615500 -5.060200 9.425900 -2.262300 -1.909100 1.234400
9.837500 -2.245400 9.666700 -1.359400 -0.471400 1.022700
10.817400 -0.767500 8.272600 -0.921200 0.371500 0.814700
13.827800 1.591500 1.755400 0.178800 -0.728700 0.596600
9.368800 -1.390800 -4.336700 -1.005600 -1.651300 -0.527500
9.368800 -1.390800 -4.336700 -1.005600 -1.651300 -0.527500
10.139300 -1.293600 -1.728200 -1.005600 -1.651300 -0.527500
11.462500 -9.523400 7.730600 -0.626900 -2.234000 -1.273600
5.087700 -5.985000 4.827800 -3.215700 -0.891400 3.912600
3.752500 -7.857400 3.198900 -1.636200 -0.077900 4.508700
2.141000 -20.392200 -1.549100 -0.489100 -0.418300 6.615000
1.407000 -11.682100 2.928800 1.729600 -1.028500 -1.101100
-1.852300 -13.272700 -3.905400 -2.368300 0.580500 -1.610200
-4.145900 -13.035500 2.567800 -2.944400 0.311800 -2.095100
3.791100 -8.854600 -3.105600 0.032500 0.850900 -1.733700
-3.548300 -4.824200 1.226600 -0.612800 -1.109100 -0.686900
-3.910200 -4.120400 0.773800 0.932600 -0.952300 0.862500
2.364700 -13.305000 -2.674600 0.042600 -0.539800 0.217500
-2.377000 -6.506700 -0.322700 -0.171600 0.879900 0.575600
-2.679400 -10.014300 -0.068800 -1.457900 -1.554900 0.974500
-1.695600 -7.151000 1.666900 0.663100 -2.748800 0.607800
-0.972700 -10.438700 0.986700 1.986200 1.342800 0.676700
0.364600 -11.880100 -0.888000 2.518400 2.716300 0.583700
1.908300 -12.478900 -1.287000 -2.115200 0.402400 -1.925500
-4.907400 -15.251000 1.200000 -2.277400 -1.204000 -3.008900
-2.367400 -5.520200 0.470800 -0.555000 -0.480400 -1.041000
-4.844600 -3.832400 0.570400 0.323600 0.173800 0.015300
3.581200 -12.295800 -2.092200 0.285600 -0.231400 0.057400
-6.111900 -16.474000 -1.196400 0.510400 1.580700 -0.101700
-2.256400 -4.765300 -0.282400 -1.345700 0.877000 0.328500
-0.936200 -5.128700 1.015800 0.613600 -2.532600 1.061000
-1.088100 -10.401900 2.524100 2.074000 -1.151400 0.947900
0.058900 -13.177300 -3.061000 2.770300 4.523500 0.327400
2.104200 -11.784900 -2.996100 -0.747100 -0.730900 0.544600
-3.305400 -13.873900 -0.483100 -1.731900 0.524300 -3.214300
-6.878500 -11.870800 0.185400 -0.989900 1.209900 -2.325300
-3.482800 -3.825200 0.834500 0.202800 0.442400 -0.541700
-0.358300 -8.023100 -4.947800 0.741600 -0.624100 1.247400
7.375300 -14.941400 -2.293800 0.192900 -1.158000 0.333400
-2.553400 -8.786400 -1.816500 -0.697300 0.400600 0.096400
-2.098200 -9.111300 1.740200 -0.167200 0.155800 0.450200
-2.555500 -6.647900 1.130300 1.332400 0.014200 0.835000
0.518600 -10.820600 0.799500 2.347600 -2.679900 1.729900
1.150900 -11.776300 -1.928600 1.550600 3.472100 0.435200
2.001600 -11.545700 -1.659400 -0.482100 -0.597400 0.272300
-4.434500 -15.011400 -0.750700 -1.544700 0.916700 -3.347700
-5.522000 -10.853500 0.636200 -0.612700 0.900400 -1.811600
-4.029200 -5.200200 1.488300 0.365600 -0.246000 -0.434000
-3.244700 -6.459700 -1.283700 1.264000 -0.661200 1.304800
-2.426600 -13.971400 -1.177300 -0.246600 0.385400 -0.098800
-3.752800 -7.862200 0.280900 -0.295500 -0.048700 0.018500
-3.364000 -8.435600 0.306300 -1.062000 0.449600 0.432600
-1.587000 -6.784800 1.163800 0.992900 -1.184600 1.217000
1.086600 -10.255000 1.590300 3.038800 -0.198800 0.788800
0.640400 -11.392500 -1.156300 1.505700 4.426700 0.298200
0.207300 -11.714400 -3.250400 -0.056500 1.101100 -0.465200
-5.123000 -15.147800 1.706400 -2.159200 0.677900 -3.178200
-5.176300 -10.042400 -0.412800 0.504300 2.201000 -1.511400
-3.210900 -5.518100 0.129200 0.443200 0.234400 0.230700
-3.524000 -10.587900 0.045800 0.626700 0.022000 1.543900
2.185800 -16.408500 -0.588600 0.289400 -1.050400 1.243500
-1.292400 -6.165100 -0.818900 0.754500 0.196500 -1.045900
-6.272800 -11.754400 1.456600 -2.594600 0.754900 -0.317600
-4.996500 -7.988100 3.625100 0.107800 1.334500 0.488100
-4.996500 -7.988100 3.625100 0.107800 1.334500 0.488100
-4.996500 -7.988100 3.625100 0.107800 1.334500 0.488100
-4.996500 -7.988100 3.625100 0.107800 1.334500 0.488100
-4.996500 -7.988100 3.625100 0.107800 1.334500 0.488100
-4.996500 -7.988100 3.625100 0.107800 1.334500 0.488100
-4.996500 -7.988100 3.625100 0.107800 1.334500 0.488100
-4.996500 -7.988100 3.625100 0.107800 1.334500 0.488100
-4.996500 -7.988100 3.625100 0.107800 1.334500 0.488100
-4.996500 -7.988100 3.625100 0.107800 1.334500 0.488100
-4.996500 -7.988100 3.625100 0.107800 1.334500 0.488100
-4.996500 -7.988100 3.625100 0.107800 1.334500 0.488100
-4.996500 -7.988100 3.625100 0.107800 1.334500 0.488100
-4.996500 -7.988100 3.625100 0.107800 1.334500 0.488100
-4.996500 -7.988100 3.625100 0.107800 1.334500 0.488100
-4.996500 -7.988100 3.625100 0.107800 1.334500 0.488100
-4.996500 -7.988100 3.625100 0.107800 1.334500 0.488100
-4.996500 -7.988100 3.625100 0.107800 1.334500 0.488100
-4.996500 -7.988100 3.625100 0.107800 1.334500 0.488100
-4.996500 -7.988100 3.625100 0.107800 1.334500 0.488100
-4.996500 -7.988100 3.625100 0.107800 1.334500 0.488100
-4.996500 -7.988100 3.625100 0.107800 1.334500 0.488100
-4.996500 -7.988100 3.625100 0.107800 1.334500 0.488100
-4.996500 -7.988100 3.625100 0.107800 1.334500 0.488100
-3.359800 -9.380200 0.915900 -1.056200 -0.194200 -2.237800
-1.194900 -11.261200 0.953200 2.185200 0.858900 0.600300
-1.194900 -11.261200 0.953200 2.185200 0.858900 0.600300
-1.194900 -11.261200 0.953200 2.185200 0.858900 0.600300
-1.194900 -11.261200 0.953200 2.185200 0.858900 0.600300
-1.194900 -11.261200 0.953200 2.185200 0.858900 0.600300
-1.194900 -11.261200 0.953200 2.185200 0.858900 0.600300
-1.194900 -11.261200 0.953200 2.185200 0.858900 0.600300
-1.194900 -11.261200 0.953200 2.185200 0.858900 0.600300
-1.194900 -11.261200 0.953200 2.185200 0.858900 0.600300
-1.194900 -11.261200 0.953200 2.185200 0.858900 0.600300
-4.618100 -3.732200 -0.075100 0.478600 0.005200 -1.098600
-4.618100 -3.732200 -0.075100 0.478600 0.005200 -1.098600
-4.618100 -3.732200 -0.075100 0.478600 0.005200 -1.098600
-4.618100 -3.732200 -0.075100 0.478600 0.005200 -1.098600
-4.618100 -3.732200 -0.075100 0.478600 0.005200 -1.098600
-4.618100 -3.732200 -0.075100 0.373400 0.027900 0.062600
8.428700 -15.328100 -3.337100 0.447900 -0.811200 1.158900
-4.871800 -19.983400 -0.703500 0.469600 -0.502700 -0.041800
-2.015700 -3.599400 -0.169600 -0.102200 0.843600 -0.288500
-2.865400 -6.408900 0.735200 -0.049500 -0.602100 0.974100
-0.331400 -12.023000 0.878800 1.195900 -0.592400 1.416600
1.366000 -10.478800 3.119600 1.543200 -1.225700 1.607300
-0.147200 -11.362300 -4.740200 1.194200 4.676800 0.114700
1.933400 -9.702000 -0.664000 -0.698800 0.177600 0.063200
-4.596300 -17.467300 2.052100 -2.261100 -0.914700 -3.271500
-3.206700 -5.840300 -3.468700 -0.423200 1.457800 -2.042500
-4.473100 -4.133300 1.777900 0.346800 -0.245100 -0.171300
10.827500 -18.870100 -0.375700 0.576300 -0.485000 1.482200
-4.718600 -18.009600 -0.815100 0.386700 0.698500 -0.189500
-3.034400 -9.073600 0.243200 -0.332800 -0.682800 0.320400
-1.794000 -6.459100 1.193700 -1.437900 -1.569600 0.770400
-1.609800 -9.260200 1.663000 1.209300 -2.276300 0.719700
-0.830600 -10.045700 -0.011700 2.194900 1.273500 0.332600
-1.310700 -10.979200 -3.364600 1.074800 2.799400 0.274900
2.760700 -10.998300 -1.050700 -0.888000 -0.478800 0.534200
-3.260500 -15.052900 1.450900 -2.320600 -1.658500 -2.833600
-2.906100 -8.651000 1.226000 -1.359700 -1.073100 -1.761200
-4.900500 -5.501700 0.243200 0.201100 -2.207100 -0.686700
2.675500 -11.643800 -3.823100 -0.281400 -3.986800 0.559500
-2.421500 -7.146200 3.839300 -0.881000 -3.543200 -0.868600
-3.672400 -7.477900 -6.236300 1.126900 -0.592800 -0.709000
1.627100 -13.543400 1.045400 0.148900 -3.740100 1.642900
0.473200 -11.253400 -4.790400 -0.089300 -0.010500 0.201900
0.903900 -12.133100 7.540400 -2.464200 -4.145100 0.454000
0.110400 -9.286500 4.217400 -1.591100 -1.379000 -0.319800
-2.994900 -11.962000 -3.070300 -0.805200 -1.379900 -0.865900
-2.639300 -11.722700 4.267600 -1.514400 -1.228600 -1.913200
-2.389200 -7.916100 -1.789200 -0.104100 0.781600 -1.223800
-1.972600 -5.715900 -2.500500 0.249100 -0.708100 0.105400
6.491700 -12.146300 -5.457100 0.607200 -0.295200 0.397400
-1.180900 -13.130600 -1.352800 -0.428400 -0.211800 -0.196700
-4.394700 -8.423900 -0.399600 -0.428400 -0.211800 -0.196700
-4.394700 -8.423900 -0.399600 -0.428400 -0.211800 -0.196700
-4.394700 -8.423900 -0.399600 -0.428400 -0.211800 -0.196700
-4.394700 -8.423900 -0.399600 -0.428400 -0.211800 -0.196700
-4.394700 -8.423900 -0.399600 -0.428400 -0.211800 -0.196700
-4.394700 -8.423900 -0.399600 -0.428400 -0.211800 -0.196700
-4.394700 -8.423900 -0.399600 -0.428400 -0.211800 -0.196700
-4.394700 -8.423900 -0.399600 -0.428400 -0.211800 -0.196700
-4.394700 -8.423900 -0.399600 -0.428400 -0.211800 -0.196700
-4.394700 -8.423900 -0.399600 -0.428400 -0.211800 -0.196700
-4.394700 -8.423900 -0.399600 -0.428400 -0.211800 -0.196700
-4.394700 -8.423900 -0.399600 -0.428400 -0.211800 -0.196700
-4.394700 -8.423900 -0.399600 -0.428400 -0.211800 -0.196700
-4.394700 -8.423900 -0.399600 -0.428400 -0.211800 -0.196700
-4.394700 -8.423900 -0.399600 -0.428400 -0.211800 -0.196700
-4.394700 -8.423900 -0.399600 -0.428400 -0.211800 -0.196700
-4.394700 -8.423900 -0.399600 -0.428400 -0.211800 -0.196700
-4.394700 -8.423900 -0.399600 -0.428400 -0.211800 -0.196700
-4.394700 -8.423900 -0.399600 -0.428400 -0.211800 -0.196700
-4.394700 -8.423900 -0.399600 -0.428400 -0.211800 -0.196700
-4.394700 -8.423900 -0.399600 -0.428400 -0.211800 -0.196700
-4.394700 -8.423900 -0.399600 -0.428400 -0.211800 -0.196700
-4.394700 -8.423900 -0.399600 -0.428400 -0.211800 -0.196700
-4.394700 -8.423900 -0.399600 -0.428400 -0.211800 -0.196700
-4.394700 -8.423900 -0.399600 -0.428400 -0.211800 -0.196700
-4.394700 -8.423900 -0.399600 -0.428400 -0.211800 -0.196700
-4.394700 -8.423900 -0.399600 -0.428400 -0.211800 -0.196700
-4.394700 -8.423900 -0.399600 -0.428400 -0.211800 -0.196700
-4.394700 -8.423900 -0.399600 -0.428400 -0.211800 -0.196700
-4.394700 -8.423900 -0.399600 -0.428400 -0.211800 -0.196700
-4.394700 -8.423900 -0.399600 -0.428400 -0.211800 -0.196700
-4.394700 -8.423900 -0.399600 -0.428400 -0.211800 -0.196700
-4.394700 -8.423900 -0.399600 -0.428400 -0.211800 -0.196700
-4.394700 -8.423900 -0.399600 -0.428400 -0.211800 -0.196700
-4.394700 -8.423900 -0.399600 -0.428400 -0.211800 -0.196700
-4.394700 -8.423900 -0.399600 -0.428400 -0.211800 -0.196700
-4.394700 -8.423900 -0.399600 -0.428400 -0.211800 -0.196700
-4.394700 -8.423900 -0.399600 -0.428400 -0.211800 -0.196700
-4.394700 -8.423900 -0.399600 -0.428400 -0.211800 -0.196700
-4.394700 -8.423900 -0.399600 -0.428400 -0.211800 -0.196700
-4.394700 -8.423900 -0.399600 -0.428400 -0.211800 -0.196700
-4.394700 -8.423900 -0.399600 -0.428400 -0.211800 -0.196700
-4.394700 -8.423900 -0.399600 -0.428400 -0.211800 -0.196700
-4.394700 -8.423900 -0.399600 -0.428400 -0.211800 -0.196700
-4.387500 -9.884500 0.422600 -1.021800 3.788900 -0.596500
-4.387500 -9.884500 0.422600 -1.021800 3.788900 -0.596500
-4.387500 -9.884500 0.422600 -1.021800 3.788900 -0.596500
-4.387500 -9.884500 0.422600 -1.021800 3.788900 -0.596500
-4.387500 -9.884500 0.422600 -1.021800 3.788900 -0.596500
-4.387500 -9.884500 0.422600 -1.021800 3.788900 -0.596500
-4.387500 -9.884500 0.422600 -1.021800 3.788900 -0.596500
-4.387500 -9.884500 0.422600 -1.021800 3.788900 -0.596500
-4.387500 -9.884500 0.422600 -1.021800 3.788900 -0.596500
-4.387500 -9.884500 0.422600 -1.021800 3.788900 -0.596500
-4.387500 -9.884500 0.422600 -1.021800 3.788900 -0.596500
-4.387500 -9.884500 0.422600 -1.021800 3.788900 -0.596500
-4.387500 -9.884500 0.422600 -1.021800 3.788900 -0.596500
-4.387500 -9.884500 0.422600 -1.021800 3.788900 -0.596500
-4.387500 -9.884500 0.422600 -1.021800 3.788900 -0.596500
0.941000 -10.268200 1.386300 1.136900 0.216400 0.664300
-0.453400 -9.702000 -0.804300 1.670700 2.591800 -0.355100
-1.755700 -10.517400 0.585600 0.500600 0.846000 0.017000
-1.252000 -12.411000 1.885500 -0.528800 -0.031800 0.359800
1.099200 -8.991000 -4.713900 -0.149500 -0.268900 -0.297000
-4.039700 -12.863500 -0.473800 -1.615400 -1.529900 -2.233000
-1.972600 -6.743000 -1.322300 -1.069000 -0.315300 -1.479300
-5.256100 -5.256100 0.983200 -0.211400 0.201100 -1.463300
8.026400 -16.514400 -3.408900 0.677400 -0.848500 1.055100
-4.580800 -15.644300 -0.801900 0.370200 -0.750700 0.225900
-3.131300 -7.197900 -0.008100 0.232100 0.330200 0.109600
-2.615400 -7.965100 0.578500 -0.736700 0.177900 0.601200
-0.873700 -8.575600 1.481200 0.900100 -2.803600 0.976900
0.123500 -10.676500 1.029800 1.091400 -0.798500 0.770900
-1.382500 -11.168500 -1.475800 1.969800 2.207100 0.235500
1.513200 -12.824000 -1.767700 0.417100 2.323400 0.371500
-2.766100 -13.088400 -1.034000 -2.283200 0.446400 -2.798900
-5.271700 -11.380300 2.016000 -1.742000 -0.158200 -2.338800
-5.056000 -6.352600 0.970000 0.204000 0.265400 -1.417200
-3.850600 -4.807200 -0.883300 0.520400 -0.186800 0.680500
-0.489300 -11.117100 -2.873800 0.331700 0.580000 -0.036700
-3.821900 -10.567600 -1.254100 0.162800 -0.329700 -0.099900
-2.846300 -12.700500 0.677800 -0.774700 0.419300 0.638200
-1.308300 -7.611900 1.308600 0.066700 -2.353400 0.705700
-1.081900 -9.066400 1.535000 1.475300 -1.010600 0.419300
-1.868500 -10.911000 -0.534800 1.719500 0.820200 0.703400
0.279100 -10.817700 -4.660900 2.558200 0.478300 0.795300
2.007600 -12.551000 -1.209900 -2.076600 0.294300 -1.091900
-5.336300 -14.777500 6.259600 -2.623600 -1.154000 -2.920200
-2.481400 -5.891700 -1.853800 0.280800 -0.244800 -1.367100
-2.885700 -6.527300 -1.680400 0.181700 -0.259000 -0.643100
7.730600 -13.852000 -1.362100 0.209800 -1.101800 0.511400
-1.667200 -13.494300 -2.857000 0.100500 0.462300 -0.023100
-3.778900 -12.554500 0.354700 0.036500 0.545900 -0.049900
-1.925900 -6.194700 1.228400 -0.529000 -2.247300 0.576900
-1.787400 -8.818400 1.664200 1.608100 -1.582600 0.696200
-0.484800 -9.968800 0.417800 1.324600 1.147200 0.870600
0.048200 -11.074900 -1.537400 1.977200 0.012800 0.951200
0.438200 -12.057100 -2.495700 -1.845700 0.673500 -0.997700
1.847600 -10.836200 -1.491000 -1.845700 0.673500 -0.997700
-4.592400 -10.615500 2.389200 0.194100 0.297300 -1.303200
-4.826900 -4.769800 0.786900 0.164500 -0.259600 -0.580800
0.547100 -10.882000 -4.011600 0.330200 -0.658300 0.664300
-3.573700 -16.124000 -0.728600 0.044700 0.417200 -0.210100
-2.564800 -6.148100 -1.057000 0.250900 0.381200 -0.106700
-2.431700 -7.952500 0.767800 -0.797000 -1.729200 0.687400
-1.403700 -8.971600 1.110900 1.007400 -2.200900 1.026100
0.756400 -10.027100 0.213000 2.177100 1.248700 0.816700
0.057100 -10.600200 -2.962900 1.744700 2.985700 0.234000
0.955300 -11.249300 -2.044400 -2.330400 0.361800 -1.161700
-3.835100 -15.730400 2.186100 -2.832200 -0.877000 -2.814300
-3.473500 -7.089900 2.857300 0.065700 -2.494400 -1.280300
-6.232700 -8.056600 0.460900 1.068100 -1.738600 -0.869500
-2.631800 -11.404200 -7.698900 -0.792900 -2.778100 0.855000
-1.313700 -10.594200 1.642100 -0.721300 -1.695600 0.036300
-2.732900 -9.714300 0.946400 1.376500 0.038500 -0.259900
-2.532200 -9.583000 -0.242600 -0.459200 -1.751000 0.592200
-1.705500 -9.599700 1.347800 -0.315500 -1.977500 0.480100
-1.862500 -9.768700 0.358300 0.212300 0.784800 -0.026000
-1.783600 -9.586500 0.282700 0.340400 0.221900 -0.099600
-1.928300 -9.262900 -0.064000 0.253700 0.571100 -0.276600
-1.928300 -9.262900 -0.064000 0.253700 0.571100 -0.276600
-2.515500 -9.561700 0.045800 0.089200 0.633900 0.024100
-1.467100 -9.527600 -0.761500 -0.036000 -0.489400 -0.024600
-1.776400 -10.019000 -0.710100 -0.176200 -0.826500 0.011300
-2.689500 -9.246200 0.900300 -0.100600 -0.084000 -0.365000
-3.121700 -9.609600 0.609300 0.157900 0.300400 0.034200
-0.317300 -9.859300 0.036500 0.281000 -0.586700 0.300500
-0.957100 -9.645500 -1.108200 0.175500 0.260400 -0.038200
-1.270000 -9.372400 -0.099900 -0.105200 -0.467900 0.059300
-1.603800 -9.678700 0.131900 -0.163900 -0.709700 -0.025500
-1.809300 -9.491700 0.599400 -0.185500 -0.955400 -0.000500
-2.169100 -9.265600 0.787200 -0.278700 -0.642500 -0.079100
-1.977400 -10.257400 1.129100 -0.003700 -1.089100 0.207700
0.981700 -9.833600 -2.769700 0.647000 -0.281600 0.227200
0.240800 -10.436900 -0.866500 -0.722600 -2.006900 0.217500
0.804600 -11.049800 0.219200 -1.142000 -3.347700 0.303900
2.485200 -11.198400 2.242400 -1.892900 -5.351600 0.563800
0.072100 -9.323600 2.347700 -1.984500 -2.954500 0.117000
-1.418300 -9.970300 3.615300 -1.192800 -0.818400 -1.448800
-4.520900 -11.051000 1.060900 0.182900 0.100900 -1.642700
-5.618600 -10.318400 -2.215500 2.632900 -3.427600 -0.562900
-2.906100 -7.651300 1.460500 -1.358800 -3.336600 0.722000
-2.854600 -13.603200 0.628700 -0.054800 -1.090500 0.881800
-0.027200 -7.254100 0.820100 0.494200 -1.451500 0.449600
-1.457800 -9.493800 -0.209100 0.459200 0.261700 -0.056800
-3.303600 -9.812100 1.374400 -0.491900 -0.156800 -0.521700
-3.454300 -9.198000 1.144700 -0.135500 0.483000 -0.261400
-1.688700 -9.997800 0.281500 0.182800 0.002600 0.674800
0.251500 -9.727100 0.497100 0.632200 -0.469900 0.701700
-0.137600 -9.936500 -0.058300 0.244800 0.769100 -0.287400
-2.239400 -9.644600 -0.096600 0.024900 0.520900 -0.402900
-2.520800 -9.581200 0.934100 -0.309500 -0.323000 -0.053000
-1.445900 -9.611100 0.381100 -0.074100 0.150400 0.117100
-1.416000 -9.387000 0.491100 0.138100 -0.056200 -0.048900
-1.981000 -9.699600 0.166600 0.062000 0.178400 -0.052400
-1.876900 -9.792900 0.653800 -0.072700 -0.175900 0.034200
-1.710300 -9.538100 0.631100 -0.007600 0.061800 0.072800
-1.404000 -9.667300 0.342800 0.094400 0.205400 0.113800
0.062500 -9.930500 -0.299100 0.353800 0.340100 0.098500
-2.071900 -13.368700 -1.488900 0.005000 2.177800 -0.801700
1.233200 -10.684900 -0.392400 -0.413200 0.581800 -0.941900
0.118700 -8.393700 -2.615400 -0.054800 0.088300 -0.693600
1.348100 -8.009400 -0.830600 -0.224300 -0.080300 -0.059700
1.625900 -10.218000 -0.066700 0.031000 0.159000 0.041200
-3.837500 -9.097500 -4.335500 0.146000 0.803300 0.221300
-3.084600 -10.985100 -0.257200 -0.516900 0.334900 1.314100
-0.631700 -7.995000 0.834500 -0.325700 -1.962500 1.440100
-0.470500 -9.213600 0.591600 0.630700 0.108000 0.474800
-1.296900 -9.995100 1.453900 1.099800 0.985900 0.005800
-2.091900 -10.132700 0.378700 1.217600 2.011100 0.227200
0.622100 -12.164800 -1.107600 -0.027500 0.212400 0.545800
-0.398400 -10.657900 -2.197200 -1.992400 0.969000 -2.718300
-2.920100 -9.572500 -0.733400 -0.829500 0.770700 -1.952100
-1.018400 -6.775000 -1.489800 -0.248600 -0.888000 -0.795000
-1.282300 -8.971600 -1.973500 0.550800 -0.199600 0.740200
11.058700 -16.194000 -4.784400 -0.062800 0.104300 -0.230000
-3.585900 -7.911300 0.299400 -0.175000 -0.814000 0.102800
-3.011700 -8.457700 0.050000 -1.274800 -0.113500 0.767700
-2.488200 -8.880100 0.406800 -0.012200 -2.522500 0.874600
-0.366400 -9.630200 1.902300 1.225200 -1.962300 0.759300
0.056200 -10.409400 0.209700 1.921400 2.383200 0.507200
1.610700 -13.149800 -2.033900 0.592500 2.205000 0.658500
1.797600 -11.332400 -1.322000 -1.971400 0.789400 -2.575000
-3.032600 -13.093800 0.122300 -1.809200 -0.557700 -2.712000
-3.032600 -13.093800 0.122300 -1.809200 -0.557700 -2.712000
-3.032600 -13.093800 0.122300 -1.809200 -0.557700 -2.712000
-3.032600 -13.093800 0.122300 -1.809200 -0.557700 -2.712000
-3.032600 -13.093800 0.122300 -1.809200 -0.557700 -2.712000
-3.032600 -13.093800 0.122300 -1.809200 -0.557700 -2.712000
-3.032600 -13.093800 0.122300 -1.809200 -0.557700 -2.712000
-3.032600 -13.093800 0.122300 -1.809200 -0.557700 -2.712000
-3.032600 -13.093800 0.122300 -1.809200 -0.557700 -2.712000
-3.032600 -13.093800 0.122300 -1.809200 -0.557700 -2.712000
-3.032600 -13.093800 0.122300 -1.809200 -0.557700 -2.712000
-3.032600 -13.093800 0.122300 -1.809200 -0.557700 -2.712000
-3.032600 -13.093800 0.122300 -1.809200 -0.557700 -2.712000
-3.032600 -13.093800 0.122300 -1.809200 -0.557700 -2.712000
-3.032600 -13.093800 0.122300 -1.809200 -0.557700 -2.712000
-5.525600 -11.676400 2.907300 2.158400 0.040900 0.897600
-3.709200 -9.339200 0.684000 -0.936700 0.649600 0.490200
-2.067700 -9.181600 0.765700 0.067800 -1.619500 0.970500
-2.067700 -9.181600 0.765700 0.728000 -1.602300 1.249600
0.102600 -10.902900 0.006900 2.221800 0.986400 0.655700
1.112400 -11.578600 -2.168500 -0.023100 1.356500 -0.146000
0.291900 -10.393800 -3.897300 -2.013500 0.336400 -2.141300
-5.558200 -13.821800 3.236000 -2.353700 -0.586000 -2.865300
-2.902500 -6.376000 -2.176300 0.191800 -0.433100 -1.040700
-4.465900 -5.060200 0.313500 0.118200 -0.634800 -0.309100
5.849900 -14.665300 -5.382400 0.278400 -0.511100 0.286500
-2.902200 -15.064300 -1.765300 -0.110600 0.148400 -0.036500
-2.626700 -4.928600 -0.089100 -0.961800 -0.608100 0.394500
-2.951500 -7.429400 1.001100 -1.396400 -0.518900 0.317600
-1.871800 -9.466600 0.294300 0.684900 -1.217600 1.052600
-1.485600 -9.872800 1.717700 1.029700 -0.586900 0.328600
-1.495500 -10.832300 0.341600 1.784400 2.732300 -0.206300
-0.198900 -9.592800 -2.336600 -0.488200 0.834900 0.718800
-3.288000 -13.505100 -7.291800 -2.063700 1.173900 -1.471100
-2.324300 -8.749400 1.893900 -2.063700 1.173900 -1.471100
-0.364300 -5.008800 -1.945400 -0.585600 1.800800 -0.999000
-0.502500 -8.955100 -0.881800 0.979200 -0.048100 0.575000
2.051200 -10.474000 -5.604000 0.557100 -1.212100 0.060500
-1.385100 -9.844100 -0.346700 0.087800 -1.065900 -0.099900
-2.450300 -10.744700 -2.180800 0.768100 0.583400 0.028400
-3.123200 -8.269000 1.171900 0.381000 1.085800 0.168000
-2.666200 -9.654100 -0.186900 0.236700 0.132400 0.124800
-2.974600 -10.159300 0.995100 -0.375700 2.321400 0.217200
-1.128200 -9.431600 5.605800 -0.596000 -0.589900 0.655600
-0.704400 -11.309700 0.769900 1.334400 6.015000 0.815000
0.135800 -10.812600 -0.600600 1.277400 2.744100 0.771000
0.823700 -8.645000 1.196400 1.350400 1.947400 -0.454800
-2.777200 -9.978400 -4.992000 0.505300 4.880100 -1.141100
1.209300 -7.832900 1.622600 -1.325200 -0.400400 0.958600
-0.646100 -6.575200 2.800200 0.862800 1.462400 0.690300
4.302600 -11.012400 -10.879000 2.169700 3.837200 0.539100
4.302600 -11.012400 -10.879000 -0.314000 -0.941500 0.299900
4.302600 -11.012400 -10.879000 -0.314000 -0.941500 0.299900
4.302600 -11.012400 -10.879000 -0.314000 -0.941500 0.299900
4.302600 -11.012400 -10.879000 -0.314000 -0.941500 0.299900
4.302600 -11.012400 -10.879000 -0.314000 -0.941500 0.299900
4.302600 -11.012400 -10.879000 -0.314000 -0.941500 0.299900
4.302600 -11.012400 -10.879000 -0.314000 -0.941500 0.299900
4.302600 -11.012400 -10.879000 -0.314000 -0.941500 0.299900
4.302600 -11.012400 -10.879000 -0.314000 -0.941500 0.299900
4.302600 -11.012400 -10.879000 -0.314000 -0.941500 0.299900
4.302600 -11.012400 -10.879000 -0.314000 -0.941500 0.299900
4.302600 -11.012400 -10.879000 -0.314000 -0.941500 0.299900
4.302600 -11.012400 -10.879000 -0.314000 -0.941500 0.299900
4.302600 -11.012400 -10.879000 -0.314000 -0.941500 0.299900
4.302600 -11.012400 -10.879000 -0.314000 -0.941500 0.299900
4.302600 -11.012400 -10.879000 -0.314000 -0.941500 0.299900
4.302600 -11.012400 -10.879000 -0.314000 -0.941500 0.299900
4.302600 -11.012400 -10.879000 -0.314000 -0.941500 0.299900
4.302600 -11.012400 -10.879000 -0.314000 -0.941500 0.299900
4.302600 -11.012400 -10.879000 -0.314000 -0.941500 0.299900
4.302600 -11.012400 -10.879000 -0.314000 -0.941500 0.299900
4.302600 -11.012400 -10.879000 -0.314000 -0.941500 0.299900
4.302600 -11.012400 -10.879000 -0.314000 -0.941500 0.299900
4.302600 -11.012400 -10.879000 -0.314000 -0.941500 0.299900
4.302600 -11.012400 -10.879000 -0.314000 -0.941500 0.299900
0.684300 -9.663700 -0.243200 0.657300 -0.545200 1.673600
0.684300 -9.663700 -0.243200 0.657300 -0.545200 1.673600
0.684300 -9.663700 -0.243200 0.657300 -0.545200 1.673600
0.684300 -9.663700 -0.243200 0.657300 -0.545200 1.673600
0.684300 -9.663700 -0.243200 0.657300 -0.545200 1.673600
-2.675800 -13.527800 -0.394500 -1.328000 0.812900 -2.843200
-2.675800 -13.527800 -0.394500 -1.328000 0.812900 -2.843200
-5.053300 -12.522500 0.091800 -0.299200 0.511600 -1.815900
-4.161700 -5.391600 -1.927100 0.327100 -0.727500 1.491200
-0.682900 -14.043200 -0.512400 0.020800 -1.257000 0.608100
-0.682900 -14.043200 -0.512400 0.020800 -1.257000 0.608100
-0.682900 -14.043200 -0.512400 0.020800 -1.257000 0.608100
-0.682900 -14.043200 -0.512400 0.020800 -1.257000 0.608100
-0.682900 -14.043200 -0.512400 0.020800 -1.257000 0.608100
-0.682900 -14.043200 -0.512400 0.020800 -1.257000 0.608100
-0.682900 -14.043200 -0.512400 0.020800 -1.257000 0.608100
-0.682900 -14.043200 -0.512400 0.020800 -1.257000 0.608100
-0.682900 -14.043200 -0.512400 0.020800 -1.257000 0.608100
-0.682900 -14.043200 -0.512400 0.020800 -1.257000 0.608100
-0.682900 -14.043200 -0.512400 0.020800 -1.257000 0.608100
-0.682900 -14.043200 -0.512400 0.020800 -1.257000 0.608100
-0.682900 -14.043200 -0.512400 0.020800 -1.257000 0.608100
-0.682900 -14.043200 -0.512400 0.020800 -1.257000 0.608100
-0.682900 -14.043200 -0.512400 0.020800 -1.257000 0.608100
-0.682900 -14.043200 -0.512400 0.020800 -1.257000 0.608100
-0.682900 -14.043200 -0.512400 0.020800 -1.257000 0.608100
-0.682900 -14.043200 -0.512400 0.020800 -1.257000 0.608100
-0.682900 -14.043200 -0.512400 0.020800 -1.257000 0.608100
-0.682900 -14.043200 -0.512400 0.020800 -1.257000 0.608100
-0.682900 -14.043200 -0.512400 0.020800 -1.257000 0.608100
-0.682900 -14.043200 -0.512400 0.020800 -1.257000 0.608100
-0.682900 -14.043200 -0.512400 0.020800 -1.257000 0.608100
-0.682900 -14.043200 -0.512400 0.020800 -1.257000 0.608100
-0.682900 -14.043200 -0.512400 0.020800 -1.257000 0.608100
-0.682900 -14.043200 -0.512400 0.020800 -1.257000 0.608100
-0.682900 -14.043200 -0.512400 0.020800 -1.257000 0.608100
-0.682900 -14.043200 -0.512400 0.020800 -1.257000 0.608100
-0.682900 -14.043200 -0.512400 0.020800 -1.257000 0.608100
-0.682900 -14.043200 -0.512400 0.020800 -1.257000 0.608100
-0.682900 -14.043200 -0.512400 0.020800 -1.257000 0.608100
-0.682900 -14.043200 -0.512400 0.020800 -1.257000 0.608100
-0.682900 -14.043200 -0.512400 0.020800 -1.257000 0.608100
-0.682900 -14.043200 -0.512400 0.020800 -1.257000 0.608100
-0.682900 -14.043200 -0.512400 0.020800 -1.257000 0.608100
-0.682900 -14.043200 -0.512400 0.020800 -1.257000 0.608100
-0.682900 -14.043200 -0.512400 0.020800 -1.257000 0.608100
-0.682900 -14.043200 -0.512400 0.020800 -1.257000 0.608100
-0.682900 -14.043200 -0.512400 0.020800 -1.257000 0.608100
-0.682900 -14.043200 -0.512400 0.020800 -1.257000 0.608100
-0.682900 -14.043200 -0.512400 0.020800 -1.257000 0.608100
-0.682900 -14.043200 -0.512400 0.020800 -1.257000 0.608100
-0.682900 -14.043200 -0.512400 0.020800 -1.257000 0.608100
-0.682900 -14.043200 -0.512400 0.020800 -1.257000 0.608100
-0.682900 -14.043200 -0.512400 0.020800 -1.257000 0.608100
-0.682900 -14.043200 -0.512400 0.020800 -1.257000 0.608100
-0.682900 -14.043200 -0.512400 0.020800 -1.257000 0.608100
-0.682900 -14.043200 -0.512400 0.020800 -1.257000 0.608100
-0.682900 -14.043200 -0.512400 0.020800 -1.257000 0.608100
-0.682900 -14.043200 -0.512400 0.020800 -1.257000 0.608100
-0.682900 -14.043200 -0.512400 0.020800 -1.257000 0.608100
-0.682900 -14.043200 -0.512400 0.020800 -1.257000 0.608100
-0.682900 -14.043200 -0.512400 0.020800 -1.257000 0.608100
-0.682900 -14.043200 -0.512400 0.020800 -1.257000 0.608100
-0.682900 -14.043200 -0.512400 0.020800 -1.257000 0.608100
-0.682900 -14.043200 -0.512400 0.020800 -1.257000 0.608100
-0.682900 -14.043200 -0.512400 0.020800 -1.257000 0.608100
-0.682900 -14.043200 -0.512400 0.020800 -1.257000 0.608100
-0.682900 -14.043200 -0.512400 0.020800 -1.257000 0.608100
-1.506900 -8.845400 -1.783000 0.020800 -1.257000 0.608100
-1.506900 -8.845400 -1.783000 0.020800 -1.257000 0.608100
-1.506900 -8.845400 -1.783000 0.020800 -1.257000 0.608100
-1.506900 -8.845400 -1.783000 0.020800 -1.257000 0.608100
-1.506900 -8.845400 -1.783000 0.020800 -1.257000 0.608100
-1.506900 -8.845400 -1.783000 0.020800 -1.257000 0.608100
-1.506900 -8.845400 -1.783000 0.020800 -1.257000 0.608100
-1.506900 -8.845400 -1.783000 0.020800 -1.257000 0.608100
-1.506900 -8.845400 -1.783000 0.020800 -1.257000 0.608100
-1.506900 -8.845400 -1.783000 0.020800 -1.257000 0.608100
-1.506900 -8.845400 -1.783000 0.020800 -1.257000 0.608100
-1.506900 -8.845400 -1.783000 0.020800 -1.257000 0.608100
-1.506900 -8.845400 -1.783000 0.020800 -1.257000 0.608100
-1.506900 -8.845400 -1.783000 -0.130300 -0.146000 -0.211800
-1.506900 -8.845400 -1.783000 -0.130300 -0.146000 -0.211800
-1.506900 -8.845400 -1.783000 -0.130300 -0.146000 -0.211800
-1.506900 -8.845400 -1.783000 -0.130300 -0.146000 -0.211800
-1.506900 -8.845400 -1.783000 -0.130300 -0.146000 -0.211800
-1.506900 -8.845400 -1.783000 -0.130300 -0.146000 -0.211800
-1.506900 -8.845400 -1.783000 -0.130300 -0.146000 -0.211800
-1.506900 -8.845400 -1.783000 -0.130300 -0.146000 -0.211800
-1.506900 -8.845400 -1.783000 -0.130300 -0.146000 -0.211800
-1.506900 -8.845400 -1.783000 -0.130300 -0.146000 -0.211800
-1.506900 -8.845400 -1.783000 -0.130300 -0.146000 -0.211800
-1.506900 -8.845400 -1.783000 -0.130300 -0.146000 -0.211800
-1.506900 -8.845400 -1.783000 -0.130300 -0.146000 -0.211800
-1.506900 -8.845400 -1.783000 -0.130300 -0.146000 -0.211800
-1.506900 -8.845400 -1.783000 -0.130300 -0.146000 -0.211800
-1.506900 -8.845400 -1.783000 -0.130300 -0.146000 -0.211800
-1.506900 -8.845400 -1.783000 -0.130300 -0.146000 -0.211800
-1.506900 -8.845400 -1.783000 -0.130300 -0.146000 -0.211800
-1.506900 -8.845400 -1.783000 -0.130300 -0.146000 -0.211800
-1.506900 -8.845400 -1.783000 -0.130300 -0.146000 -0.211800
-1.506900 -8.845400 -1.783000 -0.130300 -0.146000 -0.211800
-1.506900 -8.845400 -1.783000 -0.130300 -0.146000 -0.211800
-1.506900 -8.845400 -1.783000 -0.130300 -0.146000 -0.211800
-1.506900 -8.845400 -1.783000 -0.130300 -0.146000 -0.211800
-1.506900 -8.845400 -1.783000 -0.130300 -0.146000 -0.211800
-1.506900 -8.845400 -1.783000 -0.130300 -0.146000 -0.211800
-1.506900 -8.845400 -1.783000 -0.130300 -0.146000 -0.211800
-1.506900 -8.845400 -1.783000 -0.130300 -0.146000 -0.211800
-1.506900 -8.845400 -1.783000 -0.130300 -0.146000 -0.211800
-1.506900 -8.845400 -1.783000 -0.130300 -0.146000 -0.211800
-1.506900 -8.845400 -1.783000 -0.130300 -0.146000 -0.211800
-1.506900 -8.845400 -1.783000 -0.130300 -0.146000 -0.211800
-1.506900 -8.845400 -1.783000 -0.130300 -0.146000 -0.211800
-1.506900 -8.845400 -1.783000 -0.130300 -0.146000 -0.211800
-1.506900 -8.845400 -1.783000 -0.130300 -0.146000 -0.211800
-1.506900 -8.845400 -1.783000 -0.130300 -0.146000 -0.211800
-1.506900 -8.845400 -1.783000 -0.130300 -0.146000 -0.211800
-1.506900 -8.845400 -1.783000 -0.130300 -0.146000 -0.211800
-1.506900 -8.845400 -1.783000 -0.130300 -0.146000 -0.211800
-1.506900 -8.845400 -1.783000 -0.130300 -0.146000 -0.211800
-1.506900 -8.845400 -1.783000 -0.130300 -0.146000 -0.211800
-1.506900 -8.845400 -1.783000 -0.130300 -0.146000 -0.211800
-1.506900 -8.845400 -1.783000 -0.130300 -0.146000 -0.211800
-1.506900 -8.845400 -1.783000 -0.130300 -0.146000 -0.211800
-1.506900 -8.845400 -1.783000 -0.130300 -0.146000 -0.211800
-1.506900 -8.845400 -1.783000 -0.130300 -0.146000 -0.211800
-1.506900 -8.845400 -1.783000 -0.130300 -0.146000 -0.211800
-1.506900 -8.845400 -1.783000 -0.130300 -0.146000 -0.211800
-1.506900 -8.845400 -1.783000 -0.130300 -0.146000 -0.211800
-1.506900 -8.845400 -1.783000 -0.130300 -0.146000 -0.211800
-1.506900 -8.845400 -1.783000 -0.130300 -0.146000 -0.211800
-1.506900 -8.845400 -1.783000 -0.130300 -0.146000 -0.211800
-1.506900 -8.845400 -1.783000 -0.130300 -0.146000 -0.211800
-1.506900 -8.845400 -1.783000 -0.130300 -0.146000 -0.211800
-1.506900 -8.845400 -1.783000 -0.130300 -0.146000 -0.211800
-1.506900 -8.845400 -1.783000 -0.130300 -0.146000 -0.211800
-1.506900 -8.845400 -1.783000 -0.130300 -0.146000 -0.211800
-1.506900 -8.845400 -1.783000 -0.130300 -0.146000 -0.211800
-1.506900 -8.845400 -1.783000 -0.130300 -0.146000 -0.211800
-1.506900 -8.845400 -1.783000 -0.130300 -0.146000 -0.211800
-1.506900 -8.845400 -1.783000 -0.130300 -0.146000 -0.211800
-1.506900 -8.845400 -1.783000 -0.130300 -0.146000 -0.211800
-1.506900 -8.845400 -1.783000 -0.130300 -0.146000 -0.211800
-1.506900 -8.845400 -1.783000 -0.130300 -0.146000 -0.211800
-1.506900 -8.845400 -1.783000 -0.130300 -0.146000 -0.211800
-1.506900 -8.845400 -1.783000 -0.130300 -0.146000 -0.211800
-1.506900 -8.845400 -1.783000 -0.130300 -0.146000 -0.211800
-1.506900 -8.845400 -1.783000 -0.130300 -0.146000 -0.211800
-1.506900 -8.845400 -1.783000 -0.130300 -0.146000 -0.211800
-1.506900 -8.845400 -1.783000 -0.130300 -0.146000 -0.211800
-1.506900 -8.845400 -1.783000 -0.130300 -0.146000 -0.211800
-1.506900 -8.845400 -1.783000 -0.130300 -0.146000 -0.211800
-1.506900 -8.845400 -1.783000 -0.130300 -0.146000 -0.211800
-1.506900 -8.845400 -1.783000 -0.130300 -0.146000 -0.211800
-1.506900 -8.845400 -1.783000 -0.130300 -0.146000 -0.211800
-1.506900 -8.845400 -1.783000 -0.130300 -0.146000 -0.211800
-1.506900 -8.845400 -1.783000 -0.130300 -0.146000 -0.211800
-1.506900 -8.845400 -1.783000 -0.130300 -0.146000 -0.211800
-1.506900 -8.845400 -1.783000 -0.130300 -0.146000 -0.211800
-1.506900 -8.845400 -1.783000 -0.130300 -0.146000 -0.211800
-1.506900 -8.845400 -1.783000 -0.130300 -0.146000 -0.211800
-1.506900 -8.845400 -1.783000 -0.130300 -0.146000 -0.211800
-1.506900 -8.845400 -1.783000 -0.130300 -0.146000 -0.211800
-1.506900 -8.845400 -1.783000 -0.130300 -0.146000 -0.211800
-1.506900 -8.845400 -1.783000 -0.130300 -0.146000 -0.211800
-1.506900 -8.845400 -1.783000 -0.130300 -0.146000 -0.211800
-1.506900 -8.845400 -1.783000 -0.130300 -0.146000 -0.211800
-1.506900 -8.845400 -1.783000 -0.130300 -0.146000 -0.211800
-1.506900 -8.845400 -1.783000 -0.130300 -0.146000 -0.211800
-1.506900 -8.845400 -1.783000 -0.130300 -0.146000 -0.211800
-1.506900 -8.845400 -1.783000 -0.130300 -0.146000 -0.211800
-1.506900 -8.845400 -1.783000 -0.130300 -0.146000 -0.211800
-1.506900 -8.845400 -1.783000 -0.130300 -0.146000 -0.211800
-1.506900 -8.845400 -1.783000 -0.130300 -0.146000 -0.211800
-1.506900 -8.845400 -1.783000 -0.130300 -0.146000 -0.211800
-1.506900 -8.845400 -1.783000 -0.130300 -0.146000 -0.211800
-1.506900 -8.845400 -1.783000 -0.130300 -0.146000 -0.211800
-1.506900 -8.845400 -1.783000 -0.130300 -0.146000 -0.211800
-1.506900 -8.845400 -1.783000 -0.130300 -0.146000 -0.211800
-1.506900 -8.845400 -1.783000 -0.130300 -0.146000 -0.211800
-1.506900 -8.845400 -1.783000 -0.130300 -0.146000 -0.211800
-1.506900 -8.845400 -1.783000 -0.130300 -0.146000 -0.211800
-1.506900 -8.845400 -1.783000 -0.130300 -0.146000 -0.211800
-1.506900 -8.845400 -1.783000 -0.130300 -0.146000 -0.211800
-1.506900 -8.845400 -1.783000 -0.130300 -0.146000 -0.211800
-1.506900 -8.845400 -1.783000 -0.130300 -0.146000 -0.211800
-1.506900 -8.845400 -1.783000 -0.130300 -0.146000 -0.211800
-1.506900 -8.845400 -1.783000 -0.130300 -0.146000 -0.211800
-1.506900 -8.845400 -1.783000 -0.130300 -0.146000 -0.211800
-1.506900 -8.845400 -1.783000 -0.130300 -0.146000 -0.211800
-1.506900 -8.845400 -1.783000 -0.130300 -0.146000 -0.211800
-1.506900 -8.845400 -1.783000 -0.130300 -0.146000 -0.211800
-1.506900 -8.845400 -1.783000 -0.130300 -0.146000 -0.211800
-1.506900 -8.845400 -1.783000 -0.130300 -0.146000 -0.211800
-1.506900 -8.845400 -1.783000 -0.130300 -0.146000 -0.211800
-1.506900 -8.845400 -1.783000 -0.130300 -0.146000 -0.211800
-1.506900 -8.845400 -1.783000 -0.130300 -0.146000 -0.211800
-1.506900 -8.845400 -1.783000 -0.130300 -0.146000 -0.211800
-1.506900 -8.845400 -1.783000 -0.130300 -0.146000 -0.211800
-1.506900 -8.845400 -1.783000 -0.130300 -0.146000 -0.211800
-1.506900 -8.845400 -1.783000 -0.130300 -0.146000 -0.211800
-1.506900 -8.845400 -1.783000 -0.130300 -0.146000 -0.211800
-1.506900 -8.845400 -1.783000 -0.130300 -0.146000 -0.211800
-1.506900 -8.845400 -1.783000 -0.130300 -0.146000 -0.211800
-1.506900 -8.845400 -1.783000 -0.130300 -0.146000 -0.211800
-1.506900 -8.845400 -1.783000 -0.130300 -0.146000 -0.211800
-1.506900 -8.845400 -1.783000 -0.130300 -0.146000 -0.211800
-1.506900 -8.845400 -1.783000 -0.130300 -0.146000 -0.211800
-1.506900 -8.845400 -1.783000 -0.130300 -0.146000 -0.211800
-1.506900 -8.845400 -1.783000 -0.130300 -0.146000 -0.211800
-1.506900 -8.845400 -1.783000 -0.130300 -0.146000 -0.211800
-1.506900 -8.845400 -1.783000 -0.130300 -0.146000 -0.211800
-1.506900 -8.845400 -1.783000 -0.130300 -0.146000 -0.211800
-1.506900 -8.845400 -1.783000 -0.130300 -0.146000 -0.211800
-1.506900 -8.845400 -1.783000 -0.130300 -0.146000 -0.211800
-1.506900 -8.845400 -1.783000 -0.130300 -0.146000 -0.211800
-1.506900 -8.845400 -1.783000 -0.130300 -0.146000 -0.211800
-1.506900 -8.845400 -1.783000 -0.130300 -0.146000 -0.211800
-1.506900 -8.845400 -1.783000 -0.130300 -0.146000 -0.211800
-1.506900 -8.845400 -1.783000 -0.130300 -0.146000 -0.211800
-1.506900 -8.845400 -1.783000 -0.130300 -0.146000 -0.211800
-1.506900 -8.845400 -1.783000 -0.130300 -0.146000 -0.211800
-1.506900 -8.845400 -1.783000 -0.130300 -0.146000 -0.211800
-1.506900 -8.845400 -1.783000 -0.130300 -0.146000 -0.211800
-1.506900 -8.845400 -1.783000 -0.130300 -0.146000 -0.211800
-1.506900 -8.845400 -1.783000 -0.130300 -0.146000 -0.211800
-1.506900 -8.845400 -1.783000 -0.130300 -0.146000 -0.211800
-1.506900 -8.845400 -1.783000 -0.130300 -0.146000 -0.211800
-1.506900 -8.845400 -1.783000 -0.130300 -0.146000 -0.211800
1.349600 -11.081500 -3.628100 -0.130300 -0.146000 -0.211800
-3.891300 -14.262100 -3.009600 -2.892800 -1.990300 -2.190000
-2.470900 -6.085200 -0.251200 -1.213100 -1.729000 -0.370200
-1.762300 -5.076100 1.428200 0.446500 -0.712700 0.248800
0.642500 -10.003800 -7.303800 0.372600 -1.243800 0.621700
-0.988200 -8.184100 -2.800500 0.372600 -1.243800 0.621700
-1.557100 -7.141100 -0.099300 0.336000 -0.108700 -0.313800
-3.544700 -9.124100 0.957100 0.529500 1.946900 -0.235000
-3.544700 -9.124100 0.957100 0.529500 1.946900 -0.235000
-3.544700 -9.124100 0.957100 0.529500 1.946900 -0.235000
2.665900 -9.573100 0.376600 0.314300 1.550800 0.001200
0.615300 -10.286700 -11.675200 0.258700 7.941500 -1.748200
-3.013200 -13.732100 3.076300 -0.810300 -1.161800 -1.456600
-2.357800 -6.398400 -3.987600 1.118000 1.295900 -0.614800
-3.811800 -6.487500 0.072100 0.597900 -0.845100 0.199400
3.306600 -12.769300 -5.120300 1.634200 1.765500 1.120100
-4.656700 -15.536000 -2.840300 -0.766500 0.261000 -0.496300
-3.075700 -3.980800 0.872200 -1.114500 1.123200 -0.101400
-3.397500 -8.356900 0.074800 0.098500 2.917400 0.379800
-2.225000 -10.468900 -0.252100 -1.147800 -0.916100 2.161300
2.331800 -7.922900 1.126100 1.384500 1.771000 0.562000
2.632400 -9.693900 1.043300 0.706000 4.903700 -1.757400
-7.210200 -10.565800 -14.681800 3.011500 9.194500 -2.050500
-1.276000 -7.956100 2.938400 -0.319000 1.125000 0.522300
-0.780100 -8.874700 1.176700 0.777600 2.598700 0.366100
-0.920600 -14.956300 1.389600 2.761600 3.263300 0.818200
-1.904700 -8.150900 -1.644200 1.796200 4.384500 -0.947700
-2.120000 -11.102100 1.452400 -0.660800 0.292300 -0.343300
-2.529500 -9.819200 2.041700 -0.123200 3.263100 0.334300
-1.276300 -9.480700 0.090300 -0.123200 3.263100 0.334300
-1.276300 -9.480700 0.090300 -0.123200 3.263100 0.334300
-1.276300 -9.480700 0.090300 -0.123200 3.263100 0.334300
-1.276300 -9.480700 0.090300 -0.123200 3.263100 0.334300
-1.276300 -9.480700 0.090300 -0.123200 3.263100 0.334300
-1.276300 -9.480700 0.090300 -0.123200 3.263100 0.334300
-1.276300 -9.480700 0.090300 -0.123200 3.263100 0.334300
-1.276300 -9.480700 0.090300 -0.123200 3.263100 0.334300
-1.276300 -9.480700 0.090300 -0.123200 3.263100 0.334300
-1.276300 -9.480700 0.090300 -0.123200 3.263100 0.334300
-1.276300 -9.480700 0.090300 -0.123200 3.263100 0.334300
-1.276300 -9.480700 0.090300 -0.123200 3.263100 0.334300
-1.276300 -9.480700 0.090300 -0.123200 3.263100 0.334300
-1.276300 -9.480700 0.090300 -0.123200 3.263100 0.334300
-1.276300 -9.480700 0.090300 -0.123200 3.263100 0.334300
-1.276300 -9.480700 0.090300 -0.123200 3.263100 0.334300
-1.276300 -9.480700 0.090300 -0.123200 3.263100 0.334300
-1.276300 -9.480700 0.090300 -0.123200 3.263100 0.334300
-1.276300 -9.480700 0.090300 -0.123200 3.263100 0.334300
-1.276300 -9.480700 0.090300 -0.123200 3.263100 0.334300
-1.276300 -9.480700 0.090300 -0.123200 3.263100 0.334300
-1.276300 -9.480700 0.090300 -0.123200 3.263100 0.334300
-1.276300 -9.480700 0.090300 -0.123200 3.263100 0.334300
-1.276300 -9.480700 0.090300 -0.123200 3.263100 0.334300
-1.276300 -9.480700 0.090300 -0.123200 3.263100 0.334300
-1.276300 -9.480700 0.090300 -0.123200 3.263100 0.334300
-1.276300 -9.480700 0.090300 -0.123200 3.263100 0.334300
-1.276300 -9.480700 0.090300 -0.123200 3.263100 0.334300
-1.276300 -9.480700 0.090300 -0.123200 3.263100 0.334300
-1.276300 -9.480700 0.090300 -0.123200 3.263100 0.334300
-1.276300 -9.480700 0.090300 -0.123200 3.263100 0.334300
-1.276300 -9.480700 0.090300 -0.123200 3.263100 0.334300
-2.639300 -8.219000 0.713700 -0.910200 2.359400 -1.612900
0.125000 -10.174900 0.909000 1.438900 -1.766700 0.438300
0.125000 -10.174900 0.909000 1.438900 -1.766700 0.438300
0.125000 -10.174900 0.909000 1.438900 -1.766700 0.438300
0.125000 -10.174900 0.909000 1.438900 -1.766700 0.438300
0.125000 -10.174900 0.909000 1.438900 -1.766700 0.438300
0.125000 -10.174900 0.909000 1.438900 -1.766700 0.438300
0.125000 -10.174900 0.909000 1.438900 -1.766700 0.438300
0.125000 -10.174900 0.909000 1.438900 -1.766700 0.438300
0.125000 -10.174900 0.909000 1.438900 -1.766700 0.438300
-4.854700 -12.620000 -0.189300 -0.166800 -0.257500 -0.387300
-4.854700 -12.620000 -0.189300 -0.166800 -0.257500 -0.387300
-4.854700 -12.620000 -0.189300 -0.166800 -0.257500 -0.387300
-4.854700 -12.620000 -0.189300 -0.166800 -0.257500 -0.387300
-4.854700 -12.620000 -0.189300 -0.166800 -0.257500 -0.387300
-4.854700 -12.620000 -0.189300 -0.166800 -0.257500 -0.387300
-4.854700 -12.620000 -0.189300 -0.166800 -0.257500 -0.387300
-4.854700 -12.620000 -0.189300 -0.166800 -0.257500 -0.387300
-4.854700 -12.620000 -0.189300 -0.166800 -0.257500 -0.387300
-4.854700 -12.620000 -0.189300 -0.166800 -0.257500 -0.387300
-4.854700 -12.620000 -0.189300 -0.166800 -0.257500 -0.387300
-4.854700 -12.620000 -0.189300 -0.166800 -0.257500 -0.387300
-4.854700 -12.620000 -0.189300 -0.166800 -0.257500 -0.387300
-4.854700 -12.620000 -0.189300 -0.166800 -0.257500 -0.387300
-4.854700 -12.620000 -0.189300 -0.166800 -0.257500 -0.387300
-4.854700 -12.620000 -0.189300 -0.166800 -0.257500 -0.387300
-4.854700 -12.620000 -0.189300 -0.166800 -0.257500 -0.387300
-4.854700 -12.620000 -0.189300 -0.166800 -0.257500 -0.387300
-4.854700 -12.620000 -0.189300 -0.166800 -0.257500 -0.387300
-4.854700 -12.620000 -0.189300 -0.166800 -0.257500 -0.387300
-4.854700 -12.620000 -0.189300 -0.166800 -0.257500 -0.387300
-4.854700 -12.620000 -0.189300 -0.166800 -0.257500 -0.387300
-4.854700 -12.620000 -0.189300 -0.166800 -0.257500 -0.387300
-4.854700 -12.620000 -0.189300 -0.166800 -0.257500 -0.387300
-4.854700 -12.620000 -0.189300 -0.166800 -0.257500 -0.387300
-4.854700 -12.620000 -0.189300 -0.166800 -0.257500 -0.387300
-4.854700 -12.620000 -0.189300 -0.166800 -0.257500 -0.387300
-4.854700 -12.620000 -0.189300 -0.166800 -0.257500 -0.387300
-4.854700 -12.620000 -0.189300 -0.166800 -0.257500 -0.387300
-4.854700 -12.620000 -0.189300 -0.166800 -0.257500 -0.387300
-4.854700 -12.620000 -0.189300 -0.166800 -0.257500 -0.387300
-4.854700 -12.620000 -0.189300 -0.166800 -0.257500 -0.387300
-4.854700 -12.620000 -0.189300 -0.166800 -0.257500 -0.387300
-4.854700 -12.620000 -0.189300 -0.166800 -0.257500 -0.387300
-3.533900 -10.793100 0.553000 -0.623500 -0.183300 0.624400
-1.257400 -7.617000 1.263100 -1.372600 -3.190100 -0.488400
-1.257400 -7.617000 1.263100 -1.372600 -3.190100 -0.488400
-1.257400 -7.617000 1.263100 -1.372600 -3.190100 -0.488400
-1.257400 -7.617000 1.263100 -1.372600 -3.190100 -0.488400
-1.257400 -7.617000 1.263100 -1.372600 -3.190100 -0.488400
-1.257400 -7.617000 1.263100 -1.372600 -3.190100 -0.488400
-1.257400 -7.617000 1.263100 -1.372600 -3.190100 -0.488400
-1.257400 -7.617000 1.263100 -1.372600 -3.190100 -0.488400
-1.257400 -7.617000 1.263100 -1.372600 -3.190100 -0.488400
-1.257400 -7.617000 1.263100 -1.372600 -3.190100 -0.488400
-1.257400 -7.617000 1.263100 -1.372600 -3.190100 -0.488400
-1.257400 -7.617000 1.263100 -1.372600 -3.190100 -0.488400
-1.257400 -7.617000 1.263100 -1.372600 -3.190100 -0.488400
-1.257400 -7.617000 1.263100 -1.372600 -3.190100 -0.488400
-1.257400 -7.617000 1.263100 -1.372600 -3.190100 -0.488400
-1.257400 -7.617000 1.263100 -1.372600 -3.190100 -0.488400
-1.257400 -7.617000 1.263100 -1.372600 -3.190100 -0.488400
-1.257400 -7.617000 1.263100 -1.372600 -3.190100 -0.488400
-1.257400 -7.617000 1.263100 -1.372600 -3.190100 -0.488400
-1.257400 -7.617000 1.263100 -1.372600 -3.190100 -0.488400
-1.257400 -7.617000 1.263100 -1.372600 -3.190100 -0.488400
-1.257400 -7.617000 1.263100 -1.372600 -3.190100 -0.488400
-1.257400 -7.617000 1.263100 -1.372600 -3.190100 -0.488400
-1.257400 -7.617000 1.263100 -1.372600 -3.190100 -0.488400
-1.257400 -7.617000 1.263100 -1.372600 -3.190100 -0.488400
-1.257400 -7.617000 1.263100 -1.372600 -3.190100 -0.488400
-1.257400 -7.617000 1.263100 -1.372600 -3.190100 -0.488400
-1.257400 -7.617000 1.263100 -1.372600 -3.190100 -0.488400
-1.257400 -7.617000 1.263100 -1.372600 -3.190100 -0.488400
-1.257400 -7.617000 1.263100 -1.372600 -3.190100 -0.488400
-1.257400 -7.617000 1.263100 -1.372600 -3.190100 -0.488400
-1.257400 -7.617000 1.263100 -1.372600 -3.190100 -0.488400
-1.257400 -7.617000 1.263100 -1.372600 -3.190100 -0.488400
-1.257400 -7.617000 1.263100 -1.372600 -3.190100 -0.488400
-1.257400 -7.617000 1.263100 -1.372600 -3.190100 -0.488400
-1.257400 -7.617000 1.263100 -1.372600 -3.190100 -0.488400
-1.257400 -7.617000 1.263100 -1.372600 -3.190100 -0.488400
-1.257400 -7.617000 1.263100 -1.372600 -3.190100 -0.488400
-1.257400 -7.617000 1.263100 -1.372600 -3.190100 -0.488400
-1.257400 -7.617000 1.263100 -1.372600 -3.190100 -0.488400
-1.257400 -7.617000 1.263100 -1.372600 -3.190100 -0.488400
-1.257400 -7.617000 1.263100 -1.372600 -3.190100 -0.488400
-1.257400 -7.617000 1.263100 -1.372600 -3.190100 -0.488400
-1.257400 -7.617000 1.263100 -1.372600 -3.190100 -0.488400
-1.257400 -7.617000 1.263100 -1.372600 -3.190100 -0.488400
-1.257400 -7.617000 1.263100 -1.372600 -3.190100 -0.488400
-1.257400 -7.617000 1.263100 -1.372600 -3.190100 -0.488400
-1.257400 -7.617000 1.263100 -1.372600 -3.190100 -0.488400
-1.257400 -7.617000 1.263100 -1.372600 -3.190100 -0.488400
-1.257400 -7.617000 1.263100 -1.372600 -3.190100 -0.488400
-1.257400 -7.617000 1.263100 -1.372600 -3.190100 -0.488400
-1.257400 -7.617000 1.263100 -1.372600 -3.190100 -0.488400
-1.257400 -7.617000 1.263100 -1.372600 -3.190100 -0.488400
-1.257400 -7.617000 1.263100 -1.372600 -3.190100 -0.488400
-1.257400 -7.617000 1.263100 -1.372600 -3.190100 -0.488400
-1.257400 -7.617000 1.263100 -1.372600 -3.190100 -0.488400
-1.257400 -7.617000 1.263100 -1.372600 -3.190100 -0.488400
-1.257400 -7.617000 1.263100 -1.372600 -3.190100 -0.488400
-1.257400 -7.617000 1.263100 -1.372600 -3.190100 -0.488400
-1.257400 -7.617000 1.263100 -1.372600 -3.190100 -0.488400
-1.257400 -7.617000 1.263100 -1.372600 -3.190100 -0.488400
-1.257400 -7.617000 1.263100 -1.372600 -3.190100 -0.488400
-1.257400 -7.617000 1.263100 -1.372600 -3.190100 -0.488400
-1.257400 -7.617000 1.263100 -1.372600 -3.190100 -0.488400
-1.257400 -7.617000 1.263100 -1.372600 -3.190100 -0.488400
-1.257400 -7.617000 1.263100 -1.372600 -3.190100 -0.488400
-1.257400 -7.617000 1.263100 -1.372600 -3.190100 -0.488400
-1.257400 -7.617000 1.263100 -1.372600 -3.190100 -0.488400
-1.257400 -7.617000 1.263100 -1.372600 -3.190100 -0.488400
-1.257400 -7.617000 1.263100 -1.372600 -3.190100 -0.488400
-1.257400 -7.617000 1.263100 -1.372600 -3.190100 -0.488400
-1.257400 -7.617000 1.263100 -1.372600 -3.190100 -0.488400
-1.257400 -7.617000 1.263100 -1.372600 -3.190100 -0.488400
-1.257400 -7.617000 1.263100 -1.372600 -3.190100 -0.488400
-1.257400 -7.617000 1.263100 -1.372600 -3.190100 -0.488400
-1.257400 -7.617000 1.263100 -1.372600 -3.190100 -0.488400
-1.257400 -7.617000 1.263100 -1.372600 -3.190100 -0.488400
-1.257400 -7.617000 1.263100 -1.372600 -3.190100 -0.488400
-1.257400 -7.617000 1.263100 -1.372600 -3.190100 -0.488400
-1.257400 -7.617000 1.263100 -1.372600 -3.190100 -0.488400
-1.257400 -7.617000 1.263100 -1.372600 -3.190100 -0.488400
-1.257400 -7.617000 1.263100 -1.372600 -3.190100 -0.488400
-1.257400 -7.617000 1.263100 -1.372600 -3.190100 -0.488400
-1.257400 -7.617000 1.263100 -1.372600 -3.190100 -0.488400
-1.257400 -7.617000 1.263100 -1.372600 -3.190100 -0.488400
-1.257400 -7.617000 1.263100 -1.372600 -3.190100 -0.488400
-1.257400 -7.617000 1.263100 -1.372600 -3.190100 -0.488400
-1.257400 -7.617000 1.263100 -1.372600 -3.190100 -0.488400
-1.257400 -7.617000 1.263100 -1.372600 -3.190100 -0.488400
-1.257400 -7.617000 1.263100 -1.372600 -3.190100 -0.488400
-1.257400 -7.617000 1.263100 -1.372600 -3.190100 -0.488400
-1.257400 -7.617000 1.263100 -1.372600 -3.190100 -0.488400
-1.257400 -7.617000 1.263100 -1.372600 -3.190100 -0.488400
-1.257400 -7.617000 1.263100 -1.372600 -3.190100 -0.488400
-1.257400 -7.617000 1.263100 -1.372600 -3.190100 -0.488400
-1.257400 -7.617000 1.263100 -1.372600 -3.190100 -0.488400
-1.257400 -7.617000 1.263100 -1.372600 -3.190100 -0.488400
-1.257400 -7.617000 1.263100 -1.372600 -3.190100 -0.488400
-1.257400 -7.617000 1.263100 -1.372600 -3.190100 -0.488400
-1.257400 -7.617000 1.263100 -1.372600 -3.190100 -0.488400
-1.257400 -7.617000 1.263100 -1.372600 -3.190100 -0.488400
-1.257400 -7.617000 1.263100 -1.372600 -3.190100 -0.488400
-1.257400 -7.617000 1.263100 -1.372600 -3.190100 -0.488400
-1.257400 -7.617000 1.263100 -1.372600 -3.190100 -0.488400
-1.257400 -7.617000 1.263100 -1.372600 -3.190100 -0.488400
-1.257400 -7.617000 1.263100 -1.372600 -3.190100 -0.488400
-1.257400 -7.617000 1.263100 -1.372600 -3.190100 -0.488400
-1.257400 -7.617000 1.263100 -1.372600 -3.190100 -0.488400
-1.257400 -7.617000 1.263100 -1.372600 -3.190100 -0.488400
-1.257400 -7.617000 1.263100 -1.372600 -3.190100 -0.488400
-1.257400 -7.617000 1.263100 -1.372600 -3.190100 -0.488400
-1.257400 -7.617000 1.263100 -1.372600 -3.190100 -0.488400
-1.257400 -7.617000 1.263100 -1.372600 -3.190100 -0.488400
-1.257400 -7.617000 1.263100 -1.372600 -3.190100 -0.488400
-1.257400 -7.617000 1.263100 -1.372600 -3.190100 -0.488400
-1.257400 -7.617000 1.263100 -1.372600 -3.190100 -0.488400
-1.257400 -7.617000 1.263100 -1.372600 -3.190100 -0.488400
-1.257400 -7.617000 1.263100 -1.372600 -3.190100 -0.488400
-1.257400 -7.617000 1.263100 -1.372600 -3.190100 -0.488400
-1.257400 -7.617000 1.263100 -1.372600 -3.190100 -0.488400
-1.257400 -7.617000 1.263100 -1.372600 -3.190100 -0.488400
-1.257400 -7.617000 1.263100 -1.372600 -3.190100 -0.488400
-1.257400 -7.617000 1.263100 -1.372600 -3.190100 -0.488400
-1.257400 -7.617000 1.263100 -1.372600 -3.190100 -0.488400
-1.257400 -7.617000 1.263100 -1.372600 -3.190100 -0.488400
-1.257400 -7.617000 1.263100 -1.372600 -3.190100 -0.488400
-1.257400 -7.617000 1.263100 -1.372600 -3.190100 -0.488400
-1.257400 -7.617000 1.263100 -1.372600 -3.190100 -0.488400
-1.257400 -7.617000 1.263100 -1.372600 -3.190100 -0.488400
-1.257400 -7.617000 1.263100 -1.372600 -3.190100 -0.488400
-1.257400 -7.617000 1.263100 -1.372600 -3.190100 -0.488400
-1.257400 -7.617000 1.263100 -1.372600 -3.190100 -0.488400
-1.257400 -7.617000 1.263100 -1.372600 -3.190100 -0.488400
-1.257400 -7.617000 1.263100 -1.372600 -3.190100 -0.488400
-1.257400 -7.617000 1.263100 -1.372600 -3.190100 -0.488400
-1.257400 -7.617000 1.263100 -1.372600 -3.190100 -0.488400
-1.257400 -7.617000 1.263100 -1.372600 -3.190100 -0.488400
-1.257400 -7.617000 1.263100 -1.372600 -3.190100 -0.488400
-1.257400 -7.617000 1.263100 -1.372600 -3.190100 -0.488400
-1.257400 -7.617000 1.263100 -1.372600 -3.190100 -0.488400
-1.257400 -7.617000 1.263100 -1.372600 -3.190100 -0.488400
-1.257400 -7.617000 1.263100 -1.372600 -3.190100 -0.488400
-1.257400 -7.617000 1.263100 -1.372600 -3.190100 -0.488400
-1.257400 -7.617000 1.263100 -1.372600 -3.190100 -0.488400
-1.257400 -7.617000 1.263100 -1.372600 -3.190100 -0.488400
-1.257400 -7.617000 1.263100 -1.372600 -3.190100 -0.488400
-1.257400 -7.617000 1.263100 -1.372600 -3.190100 -0.488400
-1.257400 -7.617000 1.263100 -1.372600 -3.190100 -0.488400
-1.257400 -7.617000 1.263100 -1.372600 -3.190100 -0.488400
-1.257400 -7.617000 1.263100 -1.372600 -3.190100 -0.488400
-1.257400 -7.617000 1.263100 -1.372600 -3.190100 -0.488400
-1.257400 -7.617000 1.263100 -1.372600 -3.190100 -0.488400
-1.257400 -7.617000 1.263100 -1.372600 -3.190100 -0.488400
-1.257400 -7.617000 1.263100 -1.372600 -3.190100 -0.488400
-1.257400 -7.617000 1.263100 -1.372600 -3.190100 -0.488400
-1.257400 -7.617000 1.263100 -1.372600 -3.190100 -0.488400
-1.257400 -7.617000 1.263100 -1.372600 -3.190100 -0.488400
-1.257400 -7.617000 1.263100 -1.372600 -3.190100 -0.488400
-1.257400 -7.617000 1.263100 -1.372600 -3.190100 -0.488400
-1.257400 -7.617000 1.263100 -1.372600 -3.190100 -0.488400
-1.257400 -7.617000 1.263100 -1.372600 -3.190100 -0.488400
-1.257400 -7.617000 1.263100 -1.372600 -3.190100 -0.488400
-1.257400 -7.617000 1.263100 -1.372600 -3.190100 -0.488400
-1.257400 -7.617000 1.263100 -1.372600 -3.190100 -0.488400
-1.257400 -7.617000 1.263100 -1.372600 -3.190100 -0.488400
-1.257400 -7.617000 1.263100 -1.372600 -3.190100 -0.488400
-1.257400 -7.617000 1.263100 -1.372600 -3.190100 -0.488400
-1.257400 -7.617000 1.263100 -1.372600 -3.190100 -0.488400
-1.257400 -7.617000 1.263100 -1.372600 -3.190100 -0.488400
-1.257400 -7.617000 1.263100 -1.372600 -3.190100 -0.488400
-1.257400 -7.617000 1.263100 -1.372600 -3.190100 -0.488400
-1.257400 -7.617000 1.263100 -1.372600 -3.190100 -0.488400
-1.257400 -7.617000 1.263100 -1.372600 -3.190100 -0.488400
-1.257400 -7.617000 1.263100 -1.372600 -3.190100 -0.488400
-1.257400 -7.617000 1.263100 -1.372600 -3.190100 -0.488400
-1.257400 -7.617000 1.263100 -1.372600 -3.190100 -0.488400
-1.257400 -7.617000 1.263100 -1.372600 -3.190100 -0.488400
-1.257400 -7.617000 1.263100 -1.372600 -3.190100 -0.488400
-1.257400 -7.617000 1.263100 -1.372600 -3.190100 -0.488400
-1.257400 -7.617000 1.263100 -1.372600 -3.190100 -0.488400
-1.257400 -7.617000 1.263100 -1.372600 -3.190100 -0.488400
-1.257400 -7.617000 1.263100 -1.372600 -3.190100 -0.488400
-1.257400 -7.617000 1.263100 -1.372600 -3.190100 -0.488400
-1.257400 -7.617000 1.263100 -1.372600 -3.190100 -0.488400
-1.257400 -7.617000 1.263100 -1.372600 -3.190100 -0.488400
-1.257400 -7.617000 1.263100 -1.372600 -3.190100 -0.488400
-1.257400 -7.617000 1.263100 -1.372600 -3.190100 -0.488400
-1.257400 -7.617000 1.263100 -1.372600 -3.190100 -0.488400
-1.257400 -7.617000 1.263100 -1.372600 -3.190100 -0.488400
-1.257400 -7.617000 1.263100 -1.372600 -3.190100 -0.488400
-1.257400 -7.617000 1.263100 -1.372600 -3.190100 -0.488400
-1.257400 -7.617000 1.263100 -1.372600 -3.190100 -0.488400
-1.257400 -7.617000 1.263100 -1.372600 -3.190100 -0.488400
-1.257400 -7.617000 1.263100 -1.372600 -3.190100 -0.488400
-1.257400 -7.617000 1.263100 -1.372600 -3.190100 -0.488400
-1.257400 -7.617000 1.263100 -1.372600 -3.190100 -0.488400
-1.257400 -7.617000 1.263100 -1.372600 -3.190100 -0.488400
-1.257400 -7.617000 1.263100 -1.372600 -3.190100 -0.488400
-1.257400 -7.617000 1.263100 -1.372600 -3.190100 -0.488400
-1.257400 -7.617000 1.263100 -1.372600 -3.190100 -0.488400
-1.257400 -7.617000 1.263100 -1.372600 -3.190100 -0.488400
-1.257400 -7.617000 1.263100 -1.372600 -3.190100 -0.488400
-1.257400 -7.617000 1.263100 -1.372600 -3.190100 -0.488400
-1.257400 -7.617000 1.263100 -1.372600 -3.190100 -0.488400
-1.257400 -7.617000 1.263100 -1.372600 -3.190100 -0.488400
-1.257400 -7.617000 1.263100 -1.372600 -3.190100 -0.488400
-1.257400 -7.617000 1.263100 -1.372600 -3.190100 -0.488400
-1.257400 -7.617000 1.263100 -1.372600 -3.190100 -0.488400
-1.257400 -7.617000 1.263100 -1.372600 -3.190100 -0.488400
-1.257400 -7.617000 1.263100 -1.372600 -3.190100 -0.488400
-1.257400 -7.617000 1.263100 -1.372600 -3.190100 -0.488400
-1.257400 -7.617000 1.263100 -1.372600 -3.190100 -0.488400
-1.257400 -7.617000 1.263100 -1.372600 -3.190100 -0.488400
-1.257400 -7.617000 1.263100 -1.372600 -3.190100 -0.488400
-1.257400 -7.617000 1.263100 -1.372600 -3.190100 -0.488400
-1.257400 -7.617000 1.263100 -1.372600 -3.190100 -0.488400
-1.257400 -7.617000 1.263100 -1.372600 -3.190100 -0.488400
-1.257400 -7.617000 1.263100 -1.372600 -3.190100 -0.488400
-1.257400 -7.617000 1.263100 -1.372600 -3.190100 -0.488400
-1.257400 -7.617000 1.263100 -1.372600 -3.190100 -0.488400
-1.257400 -7.617000 1.263100 -1.372600 -3.190100 -0.488400
-1.257400 -7.617000 1.263100 -1.372600 -3.190100 -0.488400
-1.257400 -7.617000 1.263100 -1.372600 -3.190100 -0.488400
-1.257400 -7.617000 1.263100 -1.372600 -3.190100 -0.488400
-1.257400 -7.617000 1.263100 -1.372600 -3.190100 -0.488400
-1.257400 -7.617000 1.263100 -1.372600 -3.190100 -0.488400
4.001400 8.295300 8.116500 -1.372600 -3.190100 -0.488400
4.001400 8.295300 8.116500 0.109800 -1.264000 -2.226500
1.121900 4.282300 8.578900 0.003700 -2.511200 -1.955800
2.059000 4.663000 9.637700 -0.556900 -1.567100 -1.862800
2.645600 4.671700 9.538400 -0.062600 -0.969300 -1.573100
2.645600 4.671700 9.538400 -0.062600 -0.969300 -1.573100
2.645600 4.671700 9.538400 -0.062600 -0.969300 -1.573100
2.460400 4.981300 8.484900 -0.132100 -0.366100 -1.555800
0.985200 5.009100 8.745200 -0.132100 -0.366100 -1.555800
-2.461300 5.208000 8.902200 0.358900 0.442100 -0.368500
-2.418500 6.437900 5.645600 0.704000 0.083700 -0.183600
-2.908500 5.634200 8.081500 -0.439000 0.238500 -0.243000
-1.514400 6.739700 6.760300 -0.122500 0.094100 0.183600
-0.863800 6.315600 8.063200 0.026600 -0.171500 -0.007200
-0.626300 6.965500 7.471600 0.040800 -0.326800 0.052400
-0.873400 7.240400 8.404200 -0.174200 -0.234100 0.082800
0.037700 3.812100 8.247500 0.549000 0.050200 0.146600
0.711600 4.944800 6.668500 0.342700 0.371200 -0.270800
-0.112500 4.675600 8.190900 0.312300 0.067000 0.198700
0.324800 5.319800 7.043600 -0.191700 -0.115800 0.099900
0.421100 5.574700 8.756800 0.054700 0.083100 -0.054800
0.341300 5.872300 9.014400 0.110900 0.096400 -0.076800
-0.393600 5.653000 9.227900 -0.046600 0.375700 -0.089600
-1.295100 5.094600 8.013600 0.175900 0.234600 -0.102300
-1.445600 4.436300 7.695300 0.000900 -0.001800 0.204300
-0.978400 4.368700 8.691300 -0.575000 -0.173500 0.339200
-0.219500 5.672500 7.266400 -0.257900 -0.227700 0.052100
-0.410700 5.171800 8.043800 -0.516600 0.103100 0.173500
-0.326900 5.328800 8.205900 -0.044100 0.004100 -0.097900
0.306300 5.287200 9.548000 -0.137900 -0.155200 0.060500
0.348200 2.965900 11.320100 -0.547800 0.336600 0.348000
0.041600 3.231800 9.273100 0.165800 0.129300 -0.167200
-0.236000 3.648800 8.615400 0.238700 -0.041700 -0.062000
0.341000 4.880200 7.524800 0.146500 -0.104800 -0.846200
-0.955300 6.216300 7.785600 -0.645800 0.612100 -0.580500
-0.021200 5.890800 8.572600 0.127700 -0.520400 0.251400
0.203100 6.023300 10.345100 -0.109300 -0.660500 -0.117400
-0.592500 4.008600 10.256800 -0.199400 -0.356600 -0.088400
0.183100 3.860200 6.964300 -0.300400 -0.106100 0.616700
0.407400 3.584700 8.888100 -0.267600 -0.257300 0.182300
-0.739100 4.814100 7.981600 0.011000 -0.103800 0.124000
0.014400 4.802100 9.192600 -0.018300 0.019400 0.116800
1.620500 4.604400 11.269600 0.087400 -0.117100 0.055900
1.882900 2.613600 11.712900 0.114500 0.197500 -0.041500
1.925300 3.072700 9.539000 -0.272300 -0.288900 -0.300100
0.975700 3.957400 7.105500 0.298900 -0.053900 -0.139700
2.017400 5.551900 8.533400 0.280100 -0.418300 -0.049000
2.302800 6.541700 8.491200 0.720800 -0.009000 -0.309500
1.880200 5.462200 9.979000 -0.142200 -0.309200 -0.051300
1.122500 4.639700 9.549800 -0.274100 0.660000 -0.067200
0.681100 4.176400 8.813400 -0.555300 0.376700 -0.106400
0.362800 4.566100 7.527200 -0.034800 0.104000 -0.004900
0.264100 4.948100 7.597200 0.129200 0.042100 0.027600
0.467200 4.864600 8.288700 -0.501700 0.054200 -0.189400
1.229600 4.354300 9.958000 -0.193500 -0.325600 -0.354300
1.355500 2.598300 9.118700 0.523800 -0.131200 -0.115000
1.683400 2.634500 8.585400 -0.062800 -0.291700 -0.249700
1.800000 5.173900 7.841900 0.272900 -0.263100 -0.201400
1.818200 5.350400 7.864600 0.173500 -0.085200 -0.328300
-0.014400 4.592100 8.497200 -0.229700 0.515900 -0.230700
0.773500 5.548400 8.628800 0.374400 -0.427300 -0.068100
0.677800 4.646300 9.745700 -0.022400 0.195800 -0.083700
0.064000 4.547300 8.541200 -0.048400 0.080900 0.080800
0.706800 3.873700 10.349900 -0.201700 0.322400 -0.014400
0.425600 5.125400 6.881500 0.128700 0.126100 0.029200
-0.424100 5.392800 7.413000 0.104900 0.053600 -0.084400
0.075400 5.468800 9.518100 0.040900 -0.152100 -0.132900
2.060800 5.430500 9.431000 -0.051500 -0.684900 -0.348300
1.401900 4.391700 8.222000 -0.152600 -1.008800 -0.600800
0.860200 3.860200 8.752900 -0.616200 0.398700 -0.631900
0.564100 5.193300 7.330700 0.075600 0.111000 -0.498300
0.024500 4.904700 7.733300 -0.007800 0.034100 -0.489400
0.611700 5.404200 9.086100 -0.160800 -0.622500 0.015000
0.953500 4.342700 11.643800 -0.224200 -0.632800 -0.114100
1.401000 2.788200 8.715600 0.642500 -1.898400 1.580000
2.712900 3.254800 2.772400 1.241500 -2.340800 1.171800
2.712900 3.254800 2.772400 1.241500 -2.340800 1.171800
2.712900 3.254800 2.772400 1.241500 -2.340800 1.171800
3.877000 -3.524300 -0.065800 -0.176100 -3.683600 0.686900
31.398600 -12.801000 8.995500 0.874600 -0.904800 5.016000
11.346800 2.120300 -5.108700 -0.600900 2.026900 -1.489600
7.625300 -4.278100 -5.019200 -3.009600 2.707300 -1.530500
1.725200 -4.803600 -0.798600 0.637700 -1.117200 -0.854100
9.796800 -2.591400 -2.028800 -0.258100 -0.885300 -0.438400
9.950900 -8.207100 -3.044300 -1.205200 -1.102600 1.308400
8.173900 -9.032900 -1.934900 -0.362400 -1.333600 1.759500
4.789200 -4.395300 -0.154900 0.130600 -0.944800 1.620300
3.025700 -5.828600 1.417100 0.776700 0.608100 2.787600
1.442600 -3.783400 0.309600 1.941600 0.395800 4.461800
1.174900 -16.804500 2.773000 -1.669900 4.031100 -3.651500
1.842200 -4.833200 -0.245600 -1.329700 5.900800 0.955100
4.803900 -10.310400 3.133400 -1.379800 1.157100 0.345100
3.447200 -10.938800 3.984900 -1.617700 4.815800 -0.165200
2.918600 -9.091800 3.063700 -2.337100 1.475000 0.783700
6.507300 -7.530200 2.653000 -1.195400 3.471400 0.615600
4.691100 -7.080100 -4.235900 -1.418100 3.364700 -0.277200
5.165500 -7.439900 -1.395600 -0.444500 2.294500 0.055300
4.133900 -7.917800 -0.200400 -0.416900 1.120000 -0.335500
1.365700 -8.830400 0.581500 -0.108100 1.799700 0.353700
5.542100 -10.576900 1.029800 -0.358700 1.182300 0.702300
3.918800 -7.991700 0.177100 0.314700 0.822400 0.254400
4.293900 -7.891800 0.369700 0.610200 -0.472500 0.393400
4.478500 -8.452300 0.325700 0.151900 0.900500 0.032100
4.252600 -9.713700 0.677500 -0.605300 1.672200 0.032400
9.722900 -9.901200 -5.050900 -0.047600 -0.011800 0.037000
7.090800 -10.825100 1.261600 -2.922300 -2.141800 -1.906000
3.513300 -7.355200 0.231800 1.337000 -0.075900 -1.091700
4.259800 -6.876100 -0.325700 0.303600 -1.881900 -1.477800
-0.613500 -6.184000 2.151100 1.100100 -1.175600 -0.330200
13.255900 -8.490300 -6.677800 0.373700 -1.391200 0.035400
13.255900 -8.490300 -6.677800 0.373700 -1.391200 0.035400
4.543400 -6.181000 2.236100 1.348100 -1.715600 -0.359500
4.788300 -11.068300 2.363200 1.607400 -0.340700 1.245100
3.641000 -8.881000 -0.069400 0.215800 1.034600 0.555700
4.316700 -8.397600 1.772200 0.086600 0.732100 0.496900
4.651000 -8.085300 0.256600 -0.281600 1.208400 0.629900
6.469600 -8.769700 1.199700 -0.055300 0.699900 0.521400
7.442600 -10.626500 -2.266600 -1.609100 -2.006500 -1.535700
4.497900 -10.062100 4.147100 -1.788900 0.227200 -1.794700
4.648700 -9.270700 -1.644200 -0.199400 -0.877500 -1.537500
1.422500 -6.941000 -0.274300 0.694800 -1.111600 -0.376300
10.324700 -7.907700 -6.083800 0.957200 -1.092000 -0.069300
7.472800 -8.416200 -4.164700 0.488200 -2.127600 -0.287900
5.872000 -9.302400 -3.240200 0.774100 -0.715600 -0.529100
0.231800 -8.927600 6.096300 1.069900 -3.160500 0.490500
1.778200 -10.838900 -0.116900 1.594900 5.558900 -0.669200
6.394200 -7.788600 0.714300 -0.936000 1.583200 1.575500
7.910400 -7.325300 1.918700 0.796400 -1.539000 1.207800
5.020400 -8.710500 -1.398300 0.151800 2.143200 -0.064700
6.932300 -9.463000 0.451900 -0.924700 0.667500 0.003100
7.797300 -10.152400 -3.930200 -0.316600 0.612400 -0.763900
7.797300 -10.152400 -3.930200 -0.316600 0.612400 -0.763900
7.797300 -10.152400 -3.930200 -0.316600 0.612400 -0.763900
7.797300 -10.152400 -3.930200 -0.316600 0.612400 -0.763900
7.797300 -10.152400 -3.930200 -0.316600 0.612400 -0.763900
7.797300 -10.152400 -3.930200 -0.316600 0.612400 -0.763900
7.797300 -10.152400 -3.930200 -0.316600 0.612400 -0.763900
7.797300 -10.152400 -3.930200 -0.316600 0.612400 -0.763900
5.206200 -11.218700 -0.047900 0.695900 -0.173000 0.995400
5.206200 -11.218700 -0.047900 0.695900 -0.173000 0.995400
5.206200 -11.218700 -0.047900 0.695900 -0.173000 0.995400
5.206200 -11.218700 -0.047900 0.695900 -0.173000 0.995400
5.206200 -11.218700 -0.047900 0.695900 -0.173000 0.995400
5.206200 -11.218700 -0.047900 0.695900 -0.173000 0.995400
5.206200 -11.218700 -0.047900 0.695900 -0.173000 0.995400
5.206200 -11.218700 -0.047900 0.695900 -0.173000 0.995400
5.206200 -11.218700 -0.047900 0.695900 -0.173000 0.995400
5.206200 -11.218700 -0.047900 0.695900 -0.173000 0.995400
5.206200 -11.218700 -0.047900 0.695900 -0.173000 0.995400
5.206200 -11.218700 -0.047900 0.695900 -0.173000 0.995400
5.206200 -11.218700 -0.047900 0.695900 -0.173000 0.995400
5.206200 -11.218700 -0.047900 0.695900 -0.173000 0.995400
5.206200 -11.218700 -0.047900 0.695900 -0.173000 0.995400
5.206200 -11.218700 -0.047900 0.695900 -0.173000 0.995400
5.206200 -11.218700 -0.047900 0.695900 -0.173000 0.995400
5.206200 -11.218700 -0.047900 0.695900 -0.173000 0.995400
5.206200 -11.218700 -0.047900 0.695900 -0.173000 0.995400
1.682500 -8.316000 -1.820300 0.979600 0.241900 1.391800
1.682500 -8.316000 -1.820300 0.979600 0.241900 1.391800
1.682500 -8.316000 -1.820300 0.979600 0.241900 1.391800
1.682500 -8.316000 -1.820300 0.979600 0.241900 1.391800
1.682500 -8.316000 -1.820300 0.979600 0.241900 1.391800
1.682500 -8.316000 -1.820300 0.979600 0.241900 1.391800
1.682500 -8.316000 -1.820300 0.979600 0.241900 1.391800
1.682500 -8.316000 -1.820300 0.979600 0.241900 1.391800
1.682500 -8.316000 -1.820300 0.979600 0.241900 1.391800
1.682500 -8.316000 -1.820300 0.979600 0.241900 1.391800
1.682500 -8.316000 -1.820300 0.979600 0.241900 1.391800
1.682500 -8.316000 -1.820300 0.979600 0.241900 1.391800
1.682500 -8.316000 -1.820300 0.979600 0.241900 1.391800
1.682500 -8.316000 -1.820300 0.979600 0.241900 1.391800
1.682500 -8.316000 -1.820300 0.979600 0.241900 1.391800
1.682500 -8.316000 -1.820300 0.979600 0.241900 1.391800
1.682500 -8.316000 -1.820300 0.979600 0.241900 1.391800
1.682500 -8.316000 -1.820300 0.979600 0.241900 1.391800
1.682500 -8.316000 -1.820300 0.979600 0.241900 1.391800
1.682500 -8.316000 -1.820300 0.979600 0.241900 1.391800
1.682500 -8.316000 -1.820300 0.979600 0.241900 1.391800
1.682500 -8.316000 -1.820300 0.979600 0.241900 1.391800
1.682500 -8.316000 -1.820300 0.979600 0.241900 1.391800
1.682500 -8.316000 -1.820300 0.979600 0.241900 1.391800
1.682500 -8.316000 -1.820300 0.979600 0.241900 1.391800
1.682500 -8.316000 -1.820300 0.979600 0.241900 1.391800
1.682500 -8.316000 -1.820300 0.979600 0.241900 1.391800
1.682500 -8.316000 -1.820300 0.979600 0.241900 1.391800
17.152400 -8.293500 -4.468600 0.233600 -1.207600 0.438400
7.907700 -13.740200 -3.468100 0.347400 0.409000 -0.532400
7.907700 -13.740200 -3.468100 0.347400 0.409000 -0.532400
7.907700 -13.740200 -3.468100 0.347400 0.409000 -0.532400
7.907700 -13.740200 -3.468100 0.347400 0.409000 -0.532400
7.907700 -13.740200 -3.468100 0.347400 0.409000 -0.532400
7.907700 -13.740200 -3.468100 0.347400 0.409000 -0.532400
7.907700 -13.740200 -3.468100 0.347400 0.409000 -0.532400
7.907700 -13.740200 -3.468100 0.347400 0.409000 -0.532400
1.013700 -6.923600 0.454000 -0.027500 1.224000 0.882200
1.513800 -5.224100 1.555300 -0.190100 0.004400 -0.547300
-1.839200 -5.670100 0.753400 0.555400 0.483800 0.867600
11.624000 -6.714600 -3.357400 0.178700 1.286100 -0.410200
4.761100 -15.365800 -1.925000 -0.228500 -0.014200 -0.286900
1.621400 -12.168700 1.603500 -0.665100 0.124900 0.838800
1.942700 -7.585500 1.437800 0.014500 -1.180800 0.937800
7.122500 -8.370100 1.801800 1.601200 -1.554500 1.150500
6.512700 -9.398700 0.383700 3.164500 2.322100 0.582100
8.201100 -9.331400 1.434800 -0.431400 -1.049100 -0.181700
7.173700 -10.758100 -3.721100 -0.696100 -0.529600 -1.271500
4.601700 -13.759900 2.280400 -2.942600 -0.407900 -2.720100
3.428600 -7.429700 -3.238700 0.027800 -1.311300 -1.153300
-2.708100 -5.933300 0.580900 0.744900 0.215500 0.695900
13.810800 -10.477000 -5.620400 0.749200 -0.345700 1.733000
12.425600 -8.772400 -2.816700 0.181100 1.041300 -0.303300
-0.059200 -7.284600 0.899400 -0.124500 0.595000 0.250600
2.155000 -11.008800 1.440200 -0.654400 -0.513000 0.566700
4.150900 -7.511700 1.217300 0.990500 -0.748600 1.381100
6.211800 -8.462500 1.359700 1.280200 -0.393800 1.010500
6.111900 -9.514200 -2.869000 0.774600 2.698100 0.403900
7.555000 -9.545000 0.264100 -0.949700 -0.525900 -0.086600
6.326300 -10.908600 -3.719300 -0.745700 -0.243100 -1.027600
2.520500 -12.405300 3.714300 -1.556000 0.584000 -1.722100
1.631300 -6.493500 2.154700 0.330300 -0.569200 -0.814100
-1.812000 -6.513900 0.959800 0.939300 0.294300 0.471300
11.873800 -10.429100 -5.870500 0.688600 -0.429900 1.435200
5.117600 -16.581700 0.057400 0.159900 0.638800 -0.524600
0.966700 -5.820200 -0.842000 -0.019100 -0.164500 0.027500
2.185500 -8.950400 1.548200 -0.310200 -0.290800 0.682200
3.743000 -7.928900 1.183800 0.424200 0.088400 1.274700
6.719900 -8.037500 1.331300 1.748200 0.350000 0.642500
5.561500 -9.054400 -0.708300 1.614000 2.402500 0.278700
9.420500 -10.226900 -2.228300 -1.257600 0.502600 -0.809700
9.420500 -10.226900 -2.228300 -1.257600 0.502600 -0.809700
2.815500 -11.989800 2.403600 -1.401300 -0.658800 -0.365900
3.189000 -7.498500 -1.389000 -1.028200 -1.033100 -1.647600
-1.211100 -6.759100 -0.133400 0.444100 0.168300 0.657600
16.111200 -5.016000 -3.318800 0.756100 -0.240200 1.723400
2.039900 -7.573600 1.512600 -0.305000 -0.911100 -0.463300
0.838700 -9.324500 0.818300 0.103200 0.520300 0.499100
2.739500 -8.677600 0.746300 0.396700 -0.122800 0.940700
4.099200 -8.385600 1.171300 0.439000 -0.164900 1.027600
6.309300 -8.684200 1.128800 1.195100 -0.356300 0.992600
6.242300 -6.935000 -2.647400 0.068100 1.578100 0.244600
5.795700 -11.016900 0.594000 -0.322800 0.887100 -1.210400
2.018600 -12.220700 -6.294000 -3.102000 1.017400 -1.926500
0.384000 -14.650400 2.440700 -2.791700 1.555100 -1.938700
4.220600 -5.343800 1.038500 -0.700900 0.079300 -0.193300
0.632000 -5.871400 0.531800 -0.152600 1.395600 0.506400
13.016700 -8.353000 -2.537000 0.803600 2.619600 1.034000
10.858300 -12.248600 -3.483400 -0.194600 1.611900 -0.224800
0.547700 -9.135200 1.281700 -0.722900 0.044300 0.109800
1.183500 -12.062800 2.437100 -1.464800 1.461000 0.008700
1.864000 -9.578500 1.291800 -1.038900 1.205800 0.578500
5.088300 -9.439400 1.962100 -0.148100 0.748600 1.279300
7.110300 -5.541200 0.511200 0.534600 0.817200 0.744600
6.691200 -5.877100 0.095400 -0.182000 2.821800 -0.944100
6.100800 -17.964100 -3.911100 -3.350800 9.594000 -2.464800
3.905400 -6.297300 4.611900 -2.141200 1.528000 0.447400
3.639200 -8.337800 -3.957400 -1.451700 2.964700 0.335500
4.981300 -7.655800 -0.991500 -1.125500 2.543100 0.676200
4.996800 -6.883900 -1.951300 -0.552100 1.270300 0.476800
9.877000 -11.153800 -5.269000 0.104500 1.791800 -0.246300
1.868200 -8.505900 -0.978400 0.273400 -0.300100 0.311500
1.812000 -8.112300 0.725000 0.082200 -3.464900 2.284100
7.366900 -2.343500 0.349400 -0.578600 -2.028300 -0.001200
-0.350000 -12.263200 -2.224400 1.300200 2.582400 -1.319100
-0.704100 -9.640100 -1.274200 1.514600 -0.482900 1.083200
2.435600 -9.692100 -0.042200 0.520900 0.069500 0.858700
4.995000 -11.870500 -4.686300 2.784100 2.568800 0.766900
7.415700 -12.002100 -10.264600 -3.422100 0.317600 0.019200
0.582400 -17.003100 6.237800 0.133800 2.643100 -0.773500
5.395500 -10.499100 -0.845600 0.897300 0.298100 -1.772700
-1.763500 -7.651600 -1.427300 -0.245600 2.935300 -1.330000
3.818300 -0.978400 -1.818800 1.420200 3.186300 1.851900
21.900300 -7.278100 3.703200 -0.298400 1.988000 3.444600
11.573500 -10.947800 11.555800 0.816400 2.590100 -4.956400
-1.124000 -12.955000 8.050100 5.788400 4.303000 -7.363900
-2.452900 -8.348900 6.637100 2.969200 3.328000 -1.803100
0.743000 -1.119800 5.011200 2.894200 0.447800 0.658500
1.272100 2.378500 7.095000 1.120000 -0.859300 1.270700
4.373200 4.676200 8.198100 0.396600 -0.358900 -0.206000
2.457700 4.430000 9.556900 -0.203900 0.109200 -0.239300
0.611400 4.584600 9.361600 0.245400 0.635900 -0.133000
0.155500 5.897700 6.067900 0.437100 0.489100 -0.202300
-0.371200 6.548600 6.767800 0.068000 0.227700 0.087500
-0.068800 7.770700 8.723600 0.177800 0.359300 0.062600
-2.361400 6.497400 9.306600 -0.427100 0.278400 0.000200
-2.375200 5.113800 7.323200 -0.132200 0.218500 0.034200
-0.612300 4.654000 8.254300 -0.533400 -0.593000 0.465300
0.492300 5.344100 7.200600 0.379600 0.216900 -0.024300
-0.777100 6.227000 6.828500 -0.047800 0.291800 0.136500
-0.560200 6.655000 7.713000 0.064700 0.203400 0.006000
-0.037700 6.682000 8.645600 -0.068600 0.018900 -0.167200
-0.025100 5.075500 8.216400 -0.101600 -0.197200 -0.362400
-2.096700 4.698600 9.065800 -0.845300 -0.259500 -0.526400
-0.615600 4.581700 8.641400 -0.372800 -0.416600 -0.208800
0.427400 4.779700 8.608200 0.059100 0.135900 0.069900
0.182500 5.400000 8.384700 0.583200 0.642000 0.133900
-0.567400 6.575800 8.558200 -0.095600 0.177100 0.042300
-1.423100 5.616900 10.360300 -0.436300 0.109800 0.118000
-2.014200 4.228400 7.700100 -0.039700 -0.061500 0.216400
-1.895400 3.775000 8.773900 -0.259200 0.210900 0.548800
-0.190800 4.876300 7.918400 -0.035000 -0.159900 0.222000
-0.087600 4.917000 7.837400 0.426800 0.074700 0.010700
-1.247300 7.229300 7.845500 0.397500 0.058000 0.031600
-1.459000 7.494000 7.407900 0.434000 0.377200 0.338400
-1.093800 7.168900 7.601100 0.480000 0.305900 0.303100
-0.835100 5.773600 9.011100 0.043700 0.314400 0.167700
-0.336500 5.327000 7.886400 0.347600 0.181000 0.240800
-1.676800 5.467000 8.683600 0.011000 0.392000 -0.181600
-1.821800 6.458800 6.801000 0.534300 0.677700 0.161300
-2.139200 7.894500 5.944100 -0.400100 0.031200 0.019700
-1.284900 7.361800 7.069600 -0.863700 -1.068500 0.006300
1.756900 5.500800 8.652100 -0.253500 -0.486500 0.104100
0.688800 5.995800 8.737400 -0.456800 -0.144200 -0.081500
0.131300 4.708200 8.472100 0.549300 0.183700 0.100900
-0.851800 4.458100 8.158600 0.835000 0.413100 0.038800
-0.711600 5.629700 6.998100 0.114500 0.425600 0.348800
-0.201000 6.326000 6.482200 -0.031200 0.152900 0.048600
-0.128900 6.222500 7.448000 -0.249500 0.238700 0.206300
-1.284300 7.139900 6.651400 -0.242200 0.048900 -0.018500
-1.436000 7.171300 7.116300 -0.476500 -0.449000 -0.019900
-0.470200 7.131500 8.490000 -0.412200 -0.526900 0.056200
-0.384600 6.736700 9.011400 -0.178700 0.136200 0.252700
1.795800 3.147800 8.729000 0.141600 -0.165800 -0.199900
0.114900 4.945400 7.874800 0.378300 0.255300 -0.297800
-0.572800 4.468600 9.184000 0.104800 -0.022900 0.382700
0.009300 5.280400 7.512000 0.309900 0.147700 0.290800
0.120200 5.497200 8.496300 -0.017000 0.429700 0.698500
0.368800 5.867800 8.051500 0.077300 0.383900 0.626000
0.306600 5.932400 7.572100 0.051900 0.404200 0.626100
0.175600 6.023900 8.564500 -0.197000 0.464900 0.888200
-0.043100 5.244500 9.314700 0.186000 0.711600 1.136300
-0.282400 4.811400 8.632100 0.299300 0.747400 1.084400
-0.069400 4.553800 8.091300 0.306300 0.631600 0.908600
0.142400 4.895400 8.051800 0.004900 0.481200 0.652100
-0.071800 5.162200 8.299500 -0.087000 0.420900 0.481500
-0.553300 5.305500 8.778400 0.261400 0.809200 0.584900
-0.242000 5.301600 8.480200 0.042600 0.575700 0.593000
0.397200 5.652100 8.036000 0.066600 0.183700 0.350600
0.257500 5.984400 7.937300 0.056700 0.194900 0.230000
0.102900 6.161500 7.737200 -0.090300 0.101700 0.229800
0.265000 6.365800 8.320100 -0.117900 -0.001700 0.157800
0.844100 5.739500 8.020700 0.360900 0.074700 0.005800
0.476500 5.860000 7.656700 0.732600 0.498600 -0.155600
-0.865900 6.977800 6.698400 0.745100 0.715800 0.167400
-0.906900 7.457200 7.064500 0.991100 0.831400 0.066900
-1.697700 8.428400 5.315700 1.091100 0.792700 0.193200
-1.085100 7.727000 5.723600 -1.058300 -0.850100 -0.101700
-0.542900 7.003200 7.203000 -1.114800 -0.908500 -0.089500
-0.357100 6.623000 7.828700 -0.239000 -0.172400 -0.077300
-0.534500 6.613800 7.939400 -0.041100 -0.098300 -0.051600
-0.391200 6.661000 7.127600 0.209400 0.067300 0.016000
-0.303000 6.589500 7.152700 -0.174900 -0.118000 0.030800
-0.614700 6.444200 7.051600 -0.177800 0.026400 -0.077000
1.121900 5.610000 8.065300 -0.244200 0.572200 -0.015700
-2.514600 6.868300 8.034200 0.261100 0.478300 -0.136800
-1.902900 6.688200 6.886200 0.742800 0.724200 0.056400
-2.422700 6.982600 6.609600 0.517400 0.534000 -0.007900
-2.337200 7.030100 5.785500 0.607600 0.563500 -0.026600
